-3.5942 -3.8840 3
-4.1794 0.3528 2
8.8712 -7.7902 0
-8.6710 -1.5589 1
-3.4639 -3.2818 3
-9.3197 -3.0691 1
-4.1235 -3.9174 3
-7.9140 -3.1734 1
6.0380 -5.1386 0
-9.7332 -4.2881 1
-7.7495 -3.4003 1
-3.3506 -5.2875 3
-8.9429 -2.7050 1
-9.8655 -2.1222 1
-10.5705 -1.7642 1
-6.2726 1.0353 2
6.7851 -6.0422 0
-4.0603 -1.3772 2
-3.1949 -3.7269 3
-4.1667 -3.0969 3
-5.1364 0.5680 2
-4.0824 -4.1104 3
-9.7072 -2.7629 1
-5.8117 1.2836 2
-8.9789 -3.2637 1
-4.2063 0.3496 2
6.8972 -6.2122 0
5.9279 -6.1496 0
-10.0880 -2.9134 1
-4.5949 -4.3862 3
-3.5660 -2.8276 3
-3.2878 -3.8747 3
-9.6554 -2.1528 1
6.3497 -6.6220 0
-3.0009 -6.6221 3
-7.0638 -3.6428 1
-12.2015 -0.9116 1
-3.4824 -0.3074 2
-3.0595 -4.2913 3
5.3763 -5.8992 0
-5.9293 -0.7567 2
8.1222 -6.0603 0
-9.1887 -2.7366 1
-9.7553 -3.4789 1
-10.8233 -1.6508 1
8.2029 -8.7259 0
-3.5646 0.6803 2
-5.8721 -3.9289 3
6.6221 -6.3253 0
-11.1534 -4.2467 1
-9.0439 -3.8203 1
5.2374 -6.9001 0
-6.7867 -1.5392 1
-7.8491 -3.5050 1
-4.6732 -2.9978 3
-4.6208 -0.6576 2
-3.9104 -4.9113 3
7.9743 -5.4079 0
-9.4011 -3.3906 1
-7.6339 -4.1047 1
-3.3340 -0.5056 2
-5.4475 1.2786 2
7.4575 -6.9314 0
7.3122 -7.5349 0
-6.9329 -0.0221 2
-1.7660 -3.2810 3
-5.2177 0.9496 2
-3.6847 0.7258 2
-3.7519 0.0512 2
-3.5916 0.2115 2
-4.2124 0.9083 2
-5.0143 2.3488 2
-7.1470 -1.3205 1
-2.9263 -1.4027 3
-5.5013 2.1777 2
-2.7356 -3.3160 3
6.8093 -5.2251 0
-1.7671 -3.6013 3
-9.1757 -5.0213 1
6.8274 -7.8493 0
-4.2912 -0.3255 2
6.2290 -7.3338 0
7.6105 -6.1889 0
7.3610 -6.5446 0
-5.0296 -3.9809 3
-3.2304 1.2416 2
-5.2378 -3.4669 3
-3.0330 0.4566 2
-3.7014 -0.0574 2
-4.9611 -2.7424 3
-5.5588 0.7345 2
7.2992 -6.2257 0
6.3122 -5.9649 0
-9.4765 -2.9747 1
-3.7335 -0.5598 2
-3.7010 -4.4730 3
-9.8546 -3.5302 1
-9.6061 -0.8755 1
-2.3151 -2.7668 3
6.8411 -4.6176 0
7.6076 -7.3168 0
7.7582 -5.7760 0
-5.9825 1.2985 2
-8.1336 -2.6458 1
-8.1098 -3.5481 1
-3.0451 -4.0703 3
-10.2223 -3.5581 1
5.3828 -6.6440 0
5.3206 -6.3455 0
7.3841 -6.4417 0
-8.0041 -1.6715 1
-4.7029 -3.9411 3
-3.9232 1.9895 2
-4.2690 -4.6516 3
-3.9748 1.5466 2
-9.6713 -3.4265 1
-10.2182 -3.7382 1
-9.7964 -5.0700 1
-8.4323 -1.3360 1
6.6512 -6.4840 0
-4.2572 -3.5035 3
5.3909 -5.7995 0
-8.7857 -2.9826 1
-3.0870 -4.0353 3
-9.9078 -2.7300 1
-9.1701 -2.3317 1
8.1628 -5.8116 0
-3.6146 -5.5374 3
-4.0657 -3.8896 3
-3.7659 -3.8751 3
-7.4386 -2.4827 1
-10.4166 -4.4735 1
-2.9722 1.1212 2
6.7711 -6.1411 0
-5.5813 -0.9491 2
-11.3693 -2.6945 1
-3.4936 -4.7238 3
-8.5677 -3.3204 1
6.7112 -5.1714 0
-4.5055 1.6456 2
-5.0524 -4.2358 3
-8.4332 -2.1213 1
7.8544 -5.9328 0
-3.1762 -2.7801 3
-2.8999 -2.1069 3
-4.0679 2.2656 2
-10.1181 -2.6439 1
7.4231 -7.2154 0
-7.1859 -4.1535 1
-3.8462 -5.5777 3
-3.1724 1.0655 2
-4.3818 -3.1245 3
-3.8743 -4.0204 3
-4.6753 1.6150 2
8.0992 -7.7670 0
-4.9094 0.2880 2
-8.4434 -0.5650 1
5.7583 -5.9102 0
-3.3298 -5.4516 3
-8.3843 -4.2922 1
-9.6259 -2.9913 1
-5.3745 -4.9319 3
-6.8920 -0.6061 1
-4.7852 -4.1539 3
-4.6333 -5.6567 3
-5.2651 -4.4484 3
-3.1126 1.9635 2
-8.2374 -1.8109 1
-8.7577 -3.3672 1
6.8098 -8.1622 0
5.1852 -4.9732 0
-9.2481 -1.8602 1
-3.9967 0.8145 2
-4.6238 0.9624 2
-8.6733 -2.9266 1
-4.7053 -4.5866 3
7.9387 -5.5473 0
-2.9788 1.6405 2
5.5668 -5.7226 0
-2.3374 -4.8754 3
6.6507 -6.5181 0
-5.6886 1.3674 2
-4.7019 -0.0381 2
-3.7619 0.1798 2
6.4746 -5.3664 0
6.9016 -5.5392 0
6.1948 -5.9085 0
-7.0213 -4.0596 1
6.9126 -6.1784 0
-9.9625 -3.3450 1
7.7513 -8.3817 0
-2.7619 -2.6421 3
-3.3682 -2.4521 3
7.1804 -6.3086 0
7.1540 -7.4968 0
-3.9410 -0.9959 2
-4.6724 -1.0706 2
8.5159 -8.9434 0
-4.6304 0.7959 2
-9.5851 -2.6708 1
7.6150 -4.7233 0
-4.8874 -0.5301 2
-3.2358 -1.8245 3
-3.8297 -2.3978 3
-5.1829 -4.7111 3
-2.5532 -4.1902 3
7.4787 -4.4882 0
-3.0834 -5.1984 3
-3.9128 -4.5216 3
-7.5607 -3.8777 1
6.1127 -8.2632 0
-9.7889 -3.0470 1
-4.2229 -4.1274 3
8.8484 -5.4931 0
-9.2538 -4.4598 1
7.9829 -7.8031 0
-6.6121 0.0606 2
7.0704 -6.3019 0
-10.5398 -2.4613 1
-3.9091 -3.8565 3
-9.4649 -3.0375 1
-3.8386 0.7655 2
7.7901 -4.7757 0
-8.7696 -1.5136 1
-3.8477 1.4532 2
-10.1212 -1.2544 1
-5.0725 2.2182 2
-4.9762 -0.0706 2
-5.4607 1.1226 2
-9.5201 -4.2723 1
6.8222 -3.9085 0
-9.4606 -4.6924 1
6.4419 -6.8795 0
-4.6860 0.6368 2
-3.3223 -3.5777 3
-9.2129 -2.0706 1
-5.3069 -3.5997 3
6.9897 -4.1821 0
-4.5438 -4.5814 3
-9.4117 -2.4203 1
-6.0286 0.6005 2
6.5006 -6.0937 0
6.9372 -6.9093 0
-4.2772 -0.1139 2
6.8194 -7.0068 0
-2.6363 -3.5112 3
-2.5292 -2.6456 3
-8.8057 -2.5111 1
-3.8902 -3.7112 3
-7.6003 -3.1188 3
-3.5188 -5.1211 3
-4.8246 -3.5313 3
-8.1802 -3.4556 1
-1.5746 2.9817 2
-3.6354 0.4166 2
-8.4384 -1.5793 1
-6.6439 -0.1828 2
-1.9768 -3.7905 3
-4.7206 0.5692 2
-8.9339 -1.6879 1
-7.6725 -1.9283 1
7.1964 -7.9145 0
6.4879 -5.4799 0
7.4238 -7.0646 0
-2.9048 -2.8376 3
-10.6401 -2.4790 1
-2.4965 0.9529 2
8.1158 -6.0337 0
-8.6698 -2.6775 1
-10.3147 -3.0310 1
-4.3429 0.8689 2
6.1081 -5.0299 0
-7.9621 -2.3305 1
-4.0334 -2.5666 3
-4.7880 1.5978 2
-4.4574 -0.0981 2
-4.2942 -3.4644 3
-4.7882 0.1970 2
-5.7126 -0.1703 2
-2.9991 -1.2226 3
-4.5418 0.4365 2
-4.1074 -5.0931 3
8.2564 -5.2484 0
-5.6591 0.9678 2
-6.6978 2.7789 2
6.5724 -7.7421 0
-9.8737 -0.9883 1
7.6514 -7.1976 0
-4.3550 -3.0244 3
7.6070 -6.4696 0
-3.2140 -4.4023 3
-4.2746 1.2148 2
-9.3714 -3.2598 1
-2.9788 -2.1105 3
-11.3566 -2.3811 1
7.9726 -6.6931 0
-5.5904 -1.1897 2
-3.8957 -1.1061 2
-5.3157 0.8909 2
-5.2562 1.1376 2
-8.6678 -0.8681 1
6.7850 -5.1348 0
-3.7242 -2.4733 3
6.1868 -5.1045 0
8.1429 -5.6866 0
7.4047 -6.8506 0
-8.4458 -3.8379 1
-5.7285 -3.0369 3
-8.5275 -3.4720 1
-4.6150 -4.3054 3
-4.3022 -5.3387 3
-3.6990 -4.7261 3
-6.4639 -1.8529 2
-9.6295 -1.2511 1
-4.0070 0.9207 2
-3.9983 -0.2046 2
-3.2758 -2.9602 3
6.8438 -6.0460 0
-4.0057 1.1568 2
5.5698 -6.8525 0
-3.9221 -3.8429 3
5.9807 -7.1209 0
6.6961 -6.9754 0
-3.2455 -3.6694 3
-4.6893 0.6321 2
-4.6542 0.5233 2
-3.1418 -4.6270 3
-4.7807 -5.6460 3
5.5801 -6.9525 0
-10.3178 -1.6135 1
-2.1782 1.0910 2
6.4223 -7.9937 0
-10.0657 -3.7521 1
-4.4999 -5.0910 3
7.4788 -6.8501 0
-3.6725 -4.9197 3
-8.3682 -5.3373 1
6.3387 -6.2174 0
6.1757 -7.0848 0
-9.0542 -4.0029 1
-6.0707 0.3199 2
-2.3959 1.3170 2
-4.7392 -0.4356 2
-10.2109 -1.4544 1
-3.7552 -3.7225 3
-10.3059 -4.8253 1
-7.7991 -1.0837 1
6.8087 -6.4853 0
-3.3028 -5.0989 3
-4.5411 -2.8322 3
-5.2090 -1.2416 2
-8.9037 -4.2590 1
-7.6712 -2.8841 1
6.9365 -5.8386 0
8.5245 -8.1200 0
-10.1443 -3.0799 1
-9.2643 -3.0296 1
-3.9442 -0.9522 2
-4.2474 2.0091 2
-5.4442 -4.8118 3
-3.8341 -5.0253 3
6.8899 -5.6766 0
-5.5446 2.3708 2
-4.6766 -3.5248 3
-3.3200 -3.6181 3
-10.4553 -2.1416 1
-8.5003 -1.7433 1
8.9873 -7.8332 0
-2.5230 -3.8766 3
-2.7735 -5.0484 3
-3.5562 0.4078 2
-2.8741 1.3456 2
-4.8796 -4.7932 3
-8.8115 -2.9416 1
-7.9943 -4.2914 1
-2.8164 -4.8568 3
-7.9181 -3.4339 1
7.9886 -6.0936 0
-4.8226 -3.1032 3
-3.7629 2.4513 2
-5.8988 0.8222 2
-5.8574 1.2968 2
7.5623 -8.1579 0
-4.4416 -0.3103 2
-3.8153 -2.5062 3
-9.2221 -3.4488 1
-3.5734 1.7321 2
-3.4939 -4.9114 3
-9.1073 -2.1467 1
-5.3876 0.5572 2
-2.4277 -2.8132 3
-2.9028 -4.1731 3
5.9830 -5.3800 0
-7.5637 -3.6064 1
7.5819 -5.2938 0
-8.4560 -3.6774 1
8.4315 -6.4954 0
-3.7277 0.7515 2
6.6809 -6.0265 0
-5.7904 -5.0881 3
6.5391 -5.8457 0
-4.1291 -4.0433 3
-9.5188 -2.1287 1
-10.2223 -3.7232 1
-6.4722 -3.0410 1
-4.8933 0.6156 2
-4.6159 -0.3834 2
-4.5626 -0.3552 2
-1.1827 -4.0741 3
-9.1292 -4.9282 1
7.7587 -4.6132 0
-10.5718 -3.7240 1
-7.9506 -1.7751 1
-8.5633 -3.2835 1
-9.2675 -2.5366 1
-7.1846 -3.4738 1
-2.9193 -0.9888 3
-2.2556 -4.0536 3
7.1127 -7.3126 0
-5.0722 0.6136 2
6.8156 -6.2876 0
4.4416 -6.8737 0
-8.7993 -1.8096 1
-6.1258 -0.9122 2
-3.5507 -4.1346 3
-3.2306 1.7681 2
-2.5966 -4.1644 3
7.4527 -5.6123 0
5.6046 -7.3234 0
-3.4689 0.0790 2
5.4260 -6.0316 0
-4.9279 -3.3715 3
7.4313 -7.9942 0
-5.3634 -3.8786 3
-4.8475 -5.2453 3
-8.4413 -2.5999 1
8.5837 -7.9351 0
8.2141 -7.3385 0
-7.8339 -3.7509 1
-8.5375 -3.7529 1
7.3850 -5.7549 0
-8.5472 -2.2893 1
-10.9404 -2.0672 1
-3.6931 -4.7319 3
-7.7016 -4.3471 1
-9.2630 -2.0515 1
5.7590 -5.4383 0
7.4964 -6.8472 0
-2.2923 -4.0654 3
-10.8869 -2.6199 1
-3.3502 -4.9424 3
8.0045 -6.0950 0
-7.5628 -3.0314 1
5.6104 -7.1847 0
-4.7855 -4.4205 3
-4.7862 -3.5609 3
-5.1239 -3.3174 3
-9.5146 -1.6928 1
-3.7422 1.0879 2
6.2094 -5.7905 0
6.5140 -6.3674 0
-8.9400 -1.6338 1
-3.8833 -4.6149 3
-10.0670 -1.8554 1
-6.7704 -3.9781 1
-3.5449 -0.1839 2
-4.3303 -0.3193 2
-3.2498 -3.5858 3
-7.6661 -3.3806 1
-9.9581 -3.6576 1
5.3237 -6.9443 0
-3.7223 -3.3480 3
6.4264 -4.9083 0
-5.1203 -1.2926 2
-6.7597 -4.4199 3
-3.1685 -4.2152 3
-5.7705 0.0030 2
-8.0304 -2.0983 1
-5.1148 1.8876 2
-8.5796 -3.3797 1
7.7881 -6.3995 0
4.0009 -4.3107 0
-3.9174 -5.0631 3
-8.2499 -1.0661 1
-9.3134 -3.8021 1
-9.5207 -3.4490 1
-9.5045 -0.9391 1
-3.7541 -4.5101 3
5.5190 -6.9574 0
-5.0089 1.2267 2
6.8773 -5.7739 0
-6.8398 0.8623 2
-9.5620 -3.1978 1
-8.4752 -2.7322 1
-4.8794 -3.4380 3
-4.4535 -5.1323 3
-7.2169 -3.0981 1
9.8887 -7.1334 0
-5.5536 1.0440 2
7.2591 -7.7218 0
6.9831 -7.6756 0
7.2561 -4.0662 0
-2.2889 0.4134 2
7.3637 -5.6271 0
5.5265 -7.2678 0
-8.4382 -3.5664 1
6.9251 -5.0077 0
-8.5834 -4.4104 1
-7.9806 -2.8962 1
-9.0501 -2.5136 1
-5.0442 -2.7651 3
-8.7193 -3.6697 1
-3.6426 -3.3778 3
-4.5336 0.0035 2
-6.7980 -3.5383 1
-10.4737 -3.2969 1
-3.8637 0.1173 2
-8.2939 -2.6263 1
-4.1426 -5.9645 3
-4.1820 0.8587 2
-4.3109 -6.0851 3
-9.0307 -3.4666 1
6.7356 -5.4154 0
7.9334 -6.6580 0
-3.6124 -3.6743 3
-7.9100 -2.4154 1
6.7235 -5.3428 0
-4.8772 0.1695 2
8.8088 -5.7788 0
-6.6798 0.3429 2
5.8781 -6.1674 0
-9.3647 -4.6863 1
-3.7346 1.0024 2
-4.1109 -4.8150 3
-9.0922 -2.1731 1
5.8556 -7.3433 0
-6.6370 -2.1469 1
7.5239 -5.9383 0
7.2850 -8.4513 0
-3.5781 -6.0212 3
-2.5868 -4.7529 3
-3.7080 -3.1245 3
4.0076 -7.4455 0
-3.7463 -3.3150 3
-9.4172 -2.6434 1
-8.2437 -3.5768 1
7.0803 -5.9110 0
-4.0868 -5.6298 3
-9.1543 -2.4698 1
-4.9211 1.0753 2
-6.5619 -3.1953 1
7.8182 -7.4332 0
-4.3579 -4.8778 3
-2.8244 -3.8430 3
-3.2533 -2.9345 3
-9.4824 -1.7914 1
-4.0627 -3.0410 3
-4.6784 -0.8697 2
-8.3398 -3.0132 1
7.7981 -7.2682 0
-3.8504 -1.8818 3
4.9924 -6.2568 0
-10.0416 -1.9968 1
-6.2400 2.4132 2
-7.0061 -2.2260 1
-3.5857 0.6481 2
-7.9999 -2.6514 1
-8.7927 -2.6837 1
-10.2670 -2.1657 1
-9.4445 -3.7579 1
-2.3278 -3.5489 3
-8.5865 -3.2335 1
5.9690 -6.8407 0
-4.2570 -0.1989 2
7.2596 -5.8587 0
8.3139 -7.3264 0
-5.3166 0.5383 2
-3.3491 -0.0439 2
-10.7956 -2.3471 1
-5.8644 -0.1690 2
-2.9346 1.5473 2
-3.7731 0.3962 2
-9.4648 -2.3298 1
-6.0356 -0.6015 2
7.2004 -8.3037 0
-2.9242 1.2273 2
-3.5671 -4.2236 3
-5.0008 -3.5138 3
-3.9275 -4.4466 3
-4.6228 -0.2388 2
-7.5369 -1.8357 1
-8.2503 -2.8613 1
-4.0845 -3.3677 3
-5.3700 -0.2774 2
6.8414 -6.8800 0
-8.5361 -2.7970 1
-3.9167 -0.2953 2
-10.6134 -2.4880 1
-6.0172 0.7258 2
-10.7305 -4.1742 1
5.5556 -8.2719 0
-4.2571 -1.5365 2
-6.1892 1.0865 2
-3.9672 -4.4993 3
6.0190 -6.3254 0
-5.7451 0.2524 2
-3.1172 0.7079 2
-3.5555 -3.7512 3
-9.5533 -1.2617 1
-4.5468 0.7959 2
-9.6033 -2.1464 1
-3.8833 -4.6759 3
-9.9052 -2.8769 1
-8.8233 -3.3535 1
-8.4366 -2.5508 1
-4.0875 -3.6020 3
8.7580 -5.4304 0
-9.6975 -2.2615 1
-2.5987 -4.8390 3
-9.2271 -1.0697 1
-3.6110 -4.5563 3
6.4067 -5.1982 0
-6.2445 -3.7738 3
-3.9594 0.0850 2
5.5862 -7.2868 0
-8.1094 -4.1789 1
-4.3072 1.5472 2
-4.1379 1.8384 2
6.2053 -7.2048 0
-3.2442 -5.4576 3
-5.1907 0.6532 2
-11.0327 -2.6022 1
-4.5397 -3.0279 3
-6.9506 -2.4780 1
-8.8863 -3.4536 1
6.9291 -4.0012 0
-8.4785 -2.7868 1
5.8896 -7.8926 0
6.7427 -7.1463 0
-8.8946 -3.2712 1
-8.3953 -1.9032 1
-4.3784 -0.8475 2
-5.9819 -4.4596 3
5.6909 -6.7843 0
6.7082 -7.5988 0
6.5411 -5.2041 0
-9.2362 -2.8719 1
-5.6623 0.8459 2
-5.9587 2.3445 2
-3.0662 -3.8602 3
-4.2157 -3.3705 3
-3.6218 -3.4378 3
7.0573 -6.8400 0
7.5140 -5.2236 0
9.2499 -6.8425 0
-9.8901 -2.3883 1
-4.5470 1.4724 2
-5.0381 -3.2883 3
-4.4669 0.7351 2
-4.9517 -2.9225 3
-3.0466 -5.2895 3
-5.5309 -5.6858 3
-9.6348 -1.8171 1
5.3019 -7.1868 0
-9.1314 -1.6812 1
-4.5951 -2.5154 3
-3.9440 -4.6198 3
-10.8695 -3.3223 1
-5.0635 -0.0090 2
-4.5509 -6.0883 3
7.4898 -6.7764 0
-5.4395 -5.5452 3
6.0093 -6.2524 0
-4.6125 -0.9195 2
-2.8108 0.4522 2
5.8322 -5.2391 0
-4.9898 -1.3105 2
-3.9052 -3.4566 3
-3.8352 -1.6474 3
-9.2329 -1.7635 1
-8.1882 -2.7481 1
-4.4096 -0.2631 2
-8.8218 -1.5037 1
-3.4553 -4.8959 3
-2.7134 -3.2081 3
-2.8777 -3.2238 3
-4.6305 0.5680 2
-4.7488 -4.3524 3
6.4132 -7.6351 0
-5.4948 1.1695 2
-4.6723 -2.0132 3
6.7369 -6.0952 0
7.0576 -5.5202 0
6.2132 -5.5785 0
6.9854 -5.8204 0
-4.4516 -3.8273 3
-8.3441 -3.4567 1
-6.9220 -3.9248 1
-5.0669 -0.5849 2
-5.7130 -5.4530 3
-3.9133 2.4469 2
-5.0622 1.7529 2
-1.9060 0.7600 2
-3.9333 -1.7197 2
-9.1133 -3.7368 1
5.3067 -6.3920 0
-9.2826 -2.9397 1
-3.7570 -2.4822 3
6.5548 -5.4893 0
7.4532 -7.7700 0
-5.1617 -0.0684 2
-4.4503 -4.2363 3
-3.9737 0.9455 2
-4.8062 -3.0952 3
6.6060 -7.9337 0
8.7708 -8.4610 0
-3.7044 -2.3764 3
6.7758 -6.0669 0
-4.4485 -5.3427 3
-9.4561 -1.2457 1
-9.4023 -3.4554 1
-8.8022 -2.8225 1
-4.7211 -3.9348 3
6.0581 -5.9800 0
7.4660 -4.6274 0
6.6879 -6.1972 0
-3.9824 -3.1310 3
-4.2229 -0.2162 2
-5.4051 1.0917 2
5.4183 -6.7581 0
-4.3127 -2.5913 3
-7.0655 -1.4180 1
6.0580 -7.5685 0
-10.0918 -3.0737 1
-6.0242 1.2775 2
-3.4045 -6.3014 3
-2.1037 -3.7242 3
6.1831 -4.3732 0
-8.5356 -2.7869 1
-1.9128 -5.2330 3
-8.6174 -1.0486 1
-6.7688 -0.3904 2
-9.8856 -4.3107 1
-2.5532 0.3686 2
-7.8066 -1.4784 1
8.5887 -7.5285 0
-5.5685 -4.8553 3
-4.0267 -3.2106 3
-2.7861 -3.2585 3
-7.5228 -0.8608 1
7.8393 -6.4200 0
-3.7989 0.5363 2
-4.8485 0.5813 2
-3.6512 2.1999 2
-8.1158 -2.7826 1
-4.8067 0.2472 2
6.2608 -5.5941 0
-5.8542 -4.3555 3
-1.5027 -3.5923 3
-4.2497 1.3832 2
-5.3261 -0.1511 2
-4.1896 -3.8909 3
-9.2481 -3.5480 1
7.9151 -6.1950 0
-8.4141 -2.2749 1
-5.1041 2.2037 2
-4.0291 -4.0363 3
-4.8055 -4.8732 3
-3.2643 1.5545 2
-5.9179 -0.6911 2
-5.5983 -3.2300 3
-2.4824 -3.3784 3
-7.6093 -2.1382 1
-5.3946 0.3402 2
-5.5940 0.3552 2
-4.5769 -0.0529 2
-3.8760 1.7202 2
8.5195 -7.9178 0
7.0460 -6.6974 0
8.1760 -5.7343 0
-9.4599 -2.7500 1
7.2672 -6.8585 0
-8.6150 -1.8848 1
-5.0116 -3.8183 3
7.8709 -6.5081 0
-4.1777 -0.2915 2
5.3268 -7.8871 0
5.6128 -7.4341 0
-10.5170 -0.4020 1
8.0457 -7.3155 0
-8.5508 -1.8344 1
-4.2864 -4.3384 3
-3.8695 -3.0273 3
-3.6204 -4.0128 3
-4.6645 -4.2491 3
-3.2072 1.8556 2
-2.0719 0.9330 2
-4.3063 -3.7524 3
-6.0750 -5.0252 3
7.7608 -6.4573 0
-2.8358 -4.7888 3
-3.8300 1.6890 2
-4.3602 -4.4203 3
5.6655 -6.6283 0
5.8548 -6.2305 0
-2.7180 -1.7128 3
6.3379 -6.1345 0
-5.6929 -0.3653 2
-6.6747 2.9676 2
-4.9254 -3.1406 3
6.2704 -6.9147 0
-6.3855 -2.2849 1
7.0270 -7.9686 0
-9.3107 -2.1461 1
-4.5299 -3.7431 3
6.9770 -7.1822 0
-3.8464 -4.4799 3
-7.8168 -2.4092 1
-5.2681 0.9589 2
-10.1751 -1.1069 1
-4.6382 0.8223 2
5.0120 -5.6336 0
-4.0264 -0.4888 2
-1.4549 -5.9041 3
7.1428 -6.9373 0
-8.8119 -3.3420 1
-4.5498 1.1346 2
-8.2962 -1.2813 1
-8.3027 -3.0433 1
-8.5978 -2.3381 1
-9.7125 -0.9316 1
-3.7364 -2.3664 3
-2.3811 -4.2143 3
-4.9207 -0.9252 2
7.4282 -6.0936 0
-3.2166 0.2245 2
-8.3611 -2.2698 1
-3.6205 -3.4437 3
-3.5898 -2.8628 3
-2.9942 -3.7612 3
-3.2221 -4.3186 3
-4.8198 -5.0330 3
-6.9289 -0.7954 1
-9.0186 -2.9402 1
-8.6916 -1.5449 1
-8.1051 -3.7805 1
-4.4484 0.5772 2
8.4058 -6.6940 0
7.1768 -4.7473 0
-5.5487 0.9415 2
6.9706 -7.6900 0
7.5031 -7.0840 0
-4.4245 -0.4968 2
-3.4577 -2.5789 3
6.7087 -8.1352 0
-4.9746 2.2279 2
-7.9116 -3.4732 1
-4.6629 1.8133 2
-12.1628 -1.4096 1
-3.3438 -2.7070 3
6.5796 -6.6817 0
-8.0616 -3.8003 1
-9.7870 -2.6490 1
-4.5543 -5.5746 3
-3.4950 -3.7620 3
-6.4658 0.8052 2
-6.6472 -0.0673 2
-9.1007 -4.4439 1
4.4784 -6.1305 0
-3.5842 0.6268 2
-8.0023 -2.5634 1
-7.2884 -4.3320 1
-4.1047 1.9929 2
-4.1708 -3.9731 3
7.7801 -6.6814 0
-5.6609 1.9138 2
-4.4611 0.5157 2
-10.6012 -1.2843 1
-5.4044 -0.3782 2
-8.3849 -1.3180 1
-4.9283 -3.5819 3
8.1269 -5.5343 0
9.2142 -6.0058 0
-10.7834 -2.6877 1
-1.6763 -4.7699 3
7.4004 -6.4148 0
7.2036 -6.9118 0
-1.9543 -3.8923 3
-4.1699 -0.2762 2
7.9518 -6.6675 0
-10.6151 -3.2484 1
7.7108 -4.5368 0
-4.6354 -3.7575 3
7.8337 -6.4654 0
5.5385 -7.8753 0
-3.9007 -0.9353 2
5.2410 -6.3533 0
-4.9678 -4.8902 3
7.6624 -8.5316 0
5.5771 -6.0675 0
-4.6438 -3.3236 3
-9.7495 -2.1771 1
-3.1105 -2.9473 3
-2.9069 -2.6413 3
-4.7903 -0.9076 2
-3.8352 -4.9323 3
-3.7530 0.4227 2
-8.1017 -2.4035 1
-4.6290 -4.1722 3
-4.6950 2.3919 2
-8.1250 -3.9220 1
7.2101 -4.8805 0
-4.0429 2.3752 2
5.5660 -6.0880 0
-3.8401 -0.3958 2
-4.6350 0.4888 2
-9.5291 -1.5487 1
-3.2342 -4.4126 3
-2.4358 -4.2311 3
-8.4425 -2.7077 1
-3.9406 1.4409 2
7.5435 -2.9799 0
6.6451 -6.6351 0
-5.8951 1.4143 2
-3.2412 -3.4153 3
-8.3958 -2.0014 1
-4.4615 1.5606 2
7.5334 -6.7969 0
7.8667 -6.8359 0
7.3963 -5.8668 0
-4.5922 -3.4163 3
-4.2373 1.6023 2
-7.9878 -3.4027 1
-8.7708 -1.8723 1
-8.7731 -1.3369 1
-3.4763 -4.9554 3
-6.0441 -3.6327 3
-3.5815 -3.0068 3
5.9110 -7.0214 0
-10.1807 -2.3639 1
-7.1283 -2.5188 1
-2.9326 -1.4755 2
-6.1779 3.7873 2
8.5267 -5.5475 0
6.8975 -7.3913 0
-4.2658 1.1383 2
-2.2195 -3.7080 3
-4.6396 -3.9300 3
-2.6880 -4.0331 3
7.2827 -6.8286 0
-8.2977 -3.8037 1
-4.0250 0.3053 2
-3.2916 0.5594 2
-4.3422 -3.0763 3
-3.6862 0.6794 2
-2.5947 -2.0931 3
9.5685 -6.7253 0
-7.9297 -4.0091 1
-9.9020 -3.1777 1
-7.8247 -1.4362 1
-8.3022 -1.7836 1
-4.9400 0.9539 2
-5.3177 1.3334 2
6.4326 -7.5000 0
-2.9784 -2.6790 3
6.5571 -5.1316 0
-3.6789 -3.7421 3
-5.7127 -3.4714 3
-3.6796 -3.1194 3
-8.0017 -1.6926 1
5.4935 -7.3521 0
-6.7897 -0.1112 2
7.7766 -5.6315 0
-8.4141 -3.5849 1
6.5561 -6.3283 0
-3.3231 -0.5883 2
-8.0988 -4.6061 1
5.1793 -5.3404 0
-8.9348 -2.7376 1
-3.5616 1.0990 2
-5.1792 -4.6248 3
7.7982 -6.8708 0
-10.8898 -2.6150 1
-10.0906 -2.2755 1
-7.1379 -3.2464 1
-3.7326 1.6698 2
-4.8995 1.0691 2
-3.9950 -2.4583 3
-8.7759 -2.6958 1
-4.0802 -5.3143 3
-7.0136 -5.3428 1
-4.3278 -4.5686 3
-4.1112 -1.1148 2
-7.5633 -0.9128 1
-8.8606 -3.4191 1
-8.0015 -1.7278 1
7.0530 -5.0560 0
-9.3268 -2.5692 1
-6.4497 -4.8668 3
-3.7831 0.0274 2
-4.0266 -4.0195 3
-4.5494 2.6493 2
-8.3532 -1.7916 1
-4.7294 -3.4499 3
-3.0572 -5.5924 3
-2.9253 -5.9063 3
-3.3652 -3.9534 3
6.9171 -5.5913 0
6.8573 -5.3109 0
-4.0636 -4.9294 3
6.7102 -8.1472 0
-5.2706 0.8123 2
-2.9640 -2.8031 3
-10.8171 -2.9650 1
-8.9969 -2.9576 1
-5.6108 -0.4916 2
5.5651 -4.3071 0
-9.3754 -2.0952 1
-3.9363 2.3861 2
-3.3663 -4.3432 3
-4.9299 1.9333 2
-5.0304 -0.7084 2
-4.4617 -3.3487 3
-7.0031 -0.5078 2
6.6849 -4.7297 0
-3.2813 0.1292 2
-9.1550 -2.5878 1
-4.1407 -3.9808 3
7.4133 -4.0615 0
7.3564 -6.9037 0
-3.5961 0.1113 2
-4.7810 -4.4698 3
-10.8052 -1.6777 1
-8.8546 -3.0401 1
6.2922 -6.2232 0
7.3920 -6.0856 0
-2.6304 -2.6232 3
-8.8663 -4.0626 1
-3.4979 0.8698 2
-1.8790 -4.4321 3
5.9894 -5.8456 0
-4.7935 1.0912 2
-8.3203 -3.1867 1
-3.6256 -4.3708 3
7.7524 -8.1626 0
6.9510 -7.7613 0
-7.5475 -2.7595 1
-8.4505 -3.8797 1
7.8066 -8.6841 0
-9.8916 -1.1810 1
-8.7535 -4.3283 1
-3.3031 -5.3290 3
-8.2012 -0.8933 1
-3.4371 -3.7840 3
-10.1179 -4.1470 1
-3.4019 -3.3547 3
6.6075 -4.1797 0
-8.1312 -1.7431 1
8.2893 -7.2815 0
-5.9676 -2.4663 3
-5.1990 -4.2531 3
-5.2960 -5.0586 3
-5.0714 -3.7737 3
-3.4185 0.5799 2
-3.7570 0.0588 2
-5.0674 -1.5965 2
7.2640 -7.8787 0
-3.9618 -4.5956 3
-4.3419 -0.3167 2
-5.0242 -0.4016 2
-9.2699 -1.5286 1
-3.6919 1.7097 2
-3.8423 -2.4847 3
-9.0291 -2.0314 1
-9.8089 -5.1360 1
6.3558 -6.9956 0
-8.7942 -3.4904 1
9.6210 -7.7343 0
-3.6924 0.7150 2
6.1656 -4.7169 0
-7.4164 -3.6681 1
-9.8808 -4.1908 1
-4.0345 -5.1784 3
-9.6318 -1.7747 1
-4.0360 -2.8970 3
7.6428 -6.7774 0
-2.5247 -0.1406 2
-1.9685 -4.0177 3
5.7968 -7.3893 0
-3.1323 -3.7587 3
-4.3249 0.9764 2
-9.2735 -2.3402 1
7.1849 -6.8331 0
6.2870 -6.9863 0
-9.8007 -4.2765 1
-4.5192 -4.3171 3
-2.4060 -4.7105 3
6.1460 -5.8532 0
-4.3929 0.8429 2
-7.5551 -2.4465 1
7.1616 -6.0498 0
-4.7795 0.2831 2
6.6464 -6.7039 0
-8.1515 -2.7572 1
7.1587 -4.8649 0
-5.3470 -2.4668 3
-9.9831 -1.5781 1
-5.0069 -2.5005 3
6.9758 -6.9123 0
-3.6672 -4.3470 3
-4.4245 -0.6839 2
-4.4690 -3.0830 3
7.7235 -5.3495 0
6.7295 -6.0795 0
-4.8741 -4.9926 3
6.0537 -7.3240 0
7.2107 -6.0078 0
-7.9567 -2.3015 1
-4.6272 -5.2156 3
-5.5074 0.2151 2
-5.4960 0.8549 2
5.7527 -7.5464 0
-5.4726 0.7720 2
-9.7763 -2.1599 1
-7.0909 1.8048 2
-5.3085 0.7930 2
-4.4525 -3.0306 3
-4.2458 -3.0023 3
-10.2969 -1.6844 1
-8.4436 -1.9128 1
-4.6408 0.7210 2
-4.0544 -0.4144 2
-3.8967 0.7852 2
-10.1503 -0.8982 1
7.2641 -8.0748 0
-2.2808 -3.5063 3
-8.7048 -0.6959 1
-4.9757 -5.3112 3
-10.7605 -2.5486 1
-3.3547 1.6629 2
-5.1582 2.0395 2
8.5808 -6.5835 0
-2.9010 -4.0893 3
7.4922 -5.3953 0
8.5540 -4.8678 0
-4.0585 -0.4764 2
6.9727 -6.5876 0
7.3715 -5.7468 0
-4.1935 -3.3637 3
-6.2648 -0.5274 2
8.3405 -5.5193 0
5.8958 -6.0920 0
6.9924 -4.7660 0
-4.4892 1.1327 2
-4.1497 -1.8672 3
4.6670 -4.1332 0
-4.2212 -3.8196 3
5.9391 -5.9483 0
-8.8901 -3.2493 1
-4.9584 -2.9424 3
-4.7767 -2.8358 3
-3.4708 -1.3432 3
-2.4574 -3.1913 3
8.3371 -3.4534 0
7.2971 -7.1500 0
-5.1169 -3.8961 3
-8.6609 -4.9403 1
-8.6998 -3.0955 1
-4.9029 -0.6343 2
-2.7154 -4.3403 3
-3.2751 -2.4009 3
7.3829 -6.3672 0
8.0625 -6.3017 0
7.8474 -6.8715 0
7.6093 -6.5842 0
7.2637 -6.1134 0
-2.0888 -4.7696 3
-3.8386 2.1513 2
-8.8203 -2.7150 1
-4.0312 -0.3936 2
-3.5981 0.3170 2
-5.6958 -3.7604 3
-5.1435 -0.0664 2
5.3499 -6.7361 0
-5.1538 -1.0437 2
-3.7573 -2.5786 3
-9.8043 -4.0064 1
7.2530 -6.5424 0
-9.9265 -0.6966 1
-9.7196 -1.7480 1
5.5535 -6.6622 0
-8.0072 -2.4787 1
-8.1549 -1.9697 1
-2.7051 -2.9189 3
-4.3341 -3.2750 3
-8.5620 -2.3185 1
-3.6220 -5.2871 3
-7.0626 -4.9519 1
5.1231 -5.9594 0
-7.8110 -1.4873 1
-3.4739 -3.7639 3
-8.4579 -3.0798 1
-5.5283 -4.5300 3
-4.7021 -5.5031 3
-6.3740 -2.8552 1
8.0846 -7.0078 0
6.0394 -6.2666 0
7.8950 -7.3357 0
6.9471 -4.7541 0
-9.4366 -4.3044 1
-3.4054 -3.3927 3
-10.8469 -1.3148 1
-4.1833 1.2643 2
-4.6364 -0.0221 2
-3.5831 -3.2751 3
7.6575 -5.8682 0
-4.5894 -3.5109 3
-4.6841 -3.9198 3
7.7246 -7.9654 0
-3.1265 -2.8052 3
-10.8589 -2.6805 1
6.9002 -8.5152 0
-4.2712 -4.8360 3
7.0441 -6.2425 0
6.5982 -8.4387 0
6.0691 -8.4019 0
-4.2899 -1.0717 2
8.1363 -6.9577 0
-3.7217 -3.0203 3
-3.8300 -1.0924 2
8.3477 -4.6024 0
-9.1173 -3.7080 1
-8.9838 -1.9822 1
-3.8905 0.2003 2
-2.9521 -4.2853 3
-4.1855 -2.7428 3
-8.8384 -3.8825 1
-4.3857 1.8636 2
-5.4558 -4.8623 3
-2.5616 -3.5521 3
-9.0889 -3.0757 1
-4.5719 0.6220 2
-4.6568 1.5561 2
-4.3895 -1.3908 2
-10.4755 -3.4701 1
6.7042 -5.7080 0
-5.1407 0.5312 2
-4.7588 -5.0572 3
3.7967 -5.4586 0
-9.4184 -2.3230 1
-3.3982 2.1981 2
-1.7627 -3.6377 3
-2.9045 -4.4006 3
-8.7603 -4.1638 1
-3.1749 -0.1143 2
-4.0125 -4.8025 3
-6.2158 1.6170 2
-5.2440 -0.7168 2
-3.3430 -2.9094 3
-3.8652 -2.9634 3
-4.4676 0.4135 2
8.1835 -5.2663 0
-3.7153 -5.5690 3
-5.2514 1.4715 2
-3.2395 -3.8466 3
-5.7256 0.1173 2
4.9236 -6.4264 0
-10.3199 -3.4570 1
5.8207 -8.2781 0
-4.8591 -3.7297 3
5.7805 -5.3802 0
-8.3946 -2.1865 1
-6.3992 0.4040 2
-5.7317 -3.0692 3
6.7748 -6.5058 0
-3.7275 -0.3365 2
-5.3380 1.1190 2
-9.5662 -3.8297 1
-5.1834 -4.6252 3
8.3675 -6.4079 0
-7.0837 -3.1754 1
5.6444 -5.6382 0
7.5856 -5.0790 0
6.6736 -7.3629 0
-5.7414 -0.8865 2
-4.2681 -2.7084 3
-2.9106 -2.4610 3
-8.4798 -3.5445 1
8.3609 -7.2491 0
7.4223 -6.5058 0
6.7883 -6.8380 0
-5.1519 -1.3414 2
-3.8274 -4.0116 3
-4.7530 -3.5968 3
6.9433 -5.9966 0
-10.2337 -4.1923 1
-4.0849 0.3837 2
-6.4062 0.5781 2
-8.2679 -2.4558 1
4.8526 -6.6567 0
-4.1589 -3.3738 3
-3.4732 -5.5818 3
7.0251 -6.4564 0
-4.2153 -5.1511 3
7.2088 -6.1276 0
-4.4368 -3.7811 3
-5.3967 0.8213 2
6.6157 -6.0908 0
-4.0328 -4.5755 3
-3.6949 -2.5690 3
-4.3513 -5.5578 3
-4.7679 1.5408 2
-8.6111 -2.3537 1
-9.0435 -1.6051 1
-9.1275 -3.0169 1
-9.4034 -1.9340 1
7.5096 -8.2525 0
6.4842 -7.0106 0
-10.4994 -3.1649 1
-4.0367 -4.3545 3
6.7973 -6.6926 0
-8.8798 -2.1529 1
6.7546 -6.1325 0
-3.3793 -4.3945 3
6.3458 -6.4949 0
-10.3690 -3.2260 1
-3.3444 -3.7076 3
-4.0094 -0.8825 2
7.4558 -6.1359 0
7.9484 -4.9152 0
-3.1518 -0.1625 2
-6.6365 0.2732 2
7.0207 -6.5898 0
-2.5398 -3.6632 3
-3.8442 2.0378 2
-4.8432 1.4892 2
-4.3171 -4.5978 3
-3.7464 -1.9655 3
-7.7399 -1.9310 1
-3.0783 -0.7686 2
-4.6264 1.0878 2
-4.6304 -0.8016 2
-9.7427 -2.6856 1
-5.7426 -4.0453 3
-10.2627 -1.7475 1
-5.0140 -4.2110 3
-3.1424 -0.4586 2
6.8166 -6.2812 0
-4.9732 -4.5828 3
-2.1831 0.7857 2
5.3996 -6.1686 0
-5.2151 1.2730 2
-4.0616 -3.1588 3
-5.7352 -3.8696 3
8.2597 -7.3434 0
-4.4876 0.0657 2
6.3609 -6.8211 0
8.1068 -7.4272 0
-3.9900 -3.9482 3
5.5573 -8.2917 0
7.0933 -5.5529 0
6.7783 -7.0260 0
-3.1268 -0.1764 2
-4.0518 1.1524 2
-2.2737 -4.2789 3
-9.6663 -2.1532 1
-6.0078 -0.5394 2
-3.0732 -0.1579 2
-8.1594 -4.1445 1
7.9825 -6.5096 0
8.7120 -6.2247 0
-4.1500 -3.0669 3
-2.7217 -5.7571 3
-3.3880 -4.2495 3
-4.4545 -4.0038 3
-4.8025 -3.7002 3
-6.3497 -3.2226 1
-2.3619 2.5008 2
7.5272 -7.1580 0
-5.8933 0.6515 2
-7.8732 -1.9643 1
-2.9917 0.6325 2
-4.4398 -3.3914 3
-10.0103 -1.4627 1
-9.6837 -3.1571 1
-10.3586 -1.2753 1
6.0213 -7.0681 0
-10.4142 -2.0565 1
-3.5467 -4.7209 3
-3.2823 -2.8250 3
-8.8077 -3.2418 1
8.2467 -6.6173 0
-7.4683 -3.8152 1
-10.7291 -2.1818 1
-9.3333 -1.4715 1
-6.8418 -2.6575 1
-3.9010 0.8533 2
-2.8973 -5.2697 3
-5.1144 -2.8755 3
-9.5177 -3.2395 1
-8.2626 -3.2262 1
-3.8166 -3.7827 3
7.1530 -6.2495 0
-2.6886 -3.4700 3
-4.4852 0.2467 2
-9.2095 -3.7464 1
-5.4185 0.9876 2
-3.6987 -2.8901 3
-8.2798 -1.6856 1
6.6514 -6.4764 0
-3.7812 -5.1425 3
-5.6353 -4.8866 3
6.3902 -7.1877 0
7.5947 -6.5754 0
-9.0464 -4.2441 1
-2.4952 -4.0839 3
-9.9828 -2.7168 1
-4.6448 -4.1274 3
-5.3293 2.3768 2
-5.2384 1.9117 2
6.0602 -6.1673 0
-5.0080 -0.4925 2
-4.0807 0.8843 2
-3.8847 -3.7239 3
-8.1941 -1.9946 1
-3.8011 -3.9876 3
5.5415 -5.3247 0
-10.5222 -1.8064 1
-4.8839 -4.4533 3
7.4961 -5.6403 0
7.9706 -7.7247 0
-4.2934 1.2484 2
-4.0994 0.9844 2
-3.6597 0.4440 2
7.4377 -5.4429 0
-9.2338 -3.2538 1
-5.0446 -5.6567 3
7.7243 -6.6159 0
-3.2326 -3.4729 3
-8.4609 -2.0153 1
-8.7621 -3.4369 1
-7.1618 0.5342 2
7.4754 -5.3163 0
-4.4558 -5.0014 3
-3.0880 -3.1980 3
6.2681 -5.8373 0
5.5658 -6.2981 0
7.4095 -6.5007 0
6.4003 -7.2276 0
6.5715 -5.8678 0
-5.3053 2.5288 2
-2.3443 -3.6465 3
-3.3102 1.6059 2
-8.7834 -2.4832 1
4.9522 -6.6053 0
-7.6533 -2.5129 1
6.9091 -6.1482 0
-4.0839 -3.4389 3
-6.6525 -2.5324 3
7.3903 -7.1392 0
-9.0294 -3.0238 1
-3.7681 -3.4217 3
-9.7665 -3.2167 1
-8.8992 -2.7188 1
5.1794 -6.4419 0
-5.5281 -3.1143 3
-6.5286 -0.4622 2
-4.0485 1.2844 2
-9.6043 -2.8425 1
-8.7661 0.5887 1
-3.2675 -3.6645 3
-3.5987 2.3054 2
-9.6835 -2.9716 1
-8.7300 -3.2984 1
-8.3590 -2.0674 1
-5.3344 -0.4784 2
-8.5006 -2.3168 1
-9.9629 -2.8158 1
6.3748 -6.1677 0
-4.4077 0.1980 2
-4.1661 0.0988 2
-4.6363 0.3512 2
6.8996 -5.9751 0
7.5114 -7.4783 0
5.8799 -5.6942 0
-2.2044 -5.0592 3
-8.6579 -2.3248 1
7.5590 -6.3880 0
-3.8560 1.5054 2
-4.0639 -3.4596 3
-3.4591 -2.8775 3
-3.8753 -4.7248 3
-8.8780 -4.3852 1
-3.5705 -3.3160 3
5.7119 -7.6809 0
-4.6722 -4.6913 3
-4.1306 1.5490 2
-4.6330 3.0605 2
7.6546 -7.2700 0
-5.4706 1.5562 2
6.2608 -7.2689 0
7.7182 -4.4324 0
8.2489 -7.9141 0
-3.5168 0.8180 2
-1.8623 -0.7598 2
6.5656 -7.1409 0
-4.0592 1.5727 2
-8.4394 -3.5684 1
7.0834 -3.9619 0
6.3209 -5.2865 0
-10.6863 -2.4546 1
-5.4345 0.5713 2
-11.4312 -1.7647 1
-8.1036 -0.5573 1
-10.0525 -4.4618 1
-10.0416 -1.8163 1
-8.9730 -2.4714 1
-8.8205 -3.3074 1
-4.7678 -0.4122 2
7.2712 -6.3163 0
-3.3127 -0.1137 2
7.6497 -6.3630 0
-4.0437 -3.5864 3
-4.4008 -3.7747 3
-4.2611 0.3484 2
-5.3519 2.5965 2
-2.7077 -4.4117 3
7.8678 -6.4385 0
-10.0228 -3.1273 1
-8.8144 -2.6997 1
6.8580 -4.8561 0
-4.7754 -1.3847 2
5.2817 -5.8782 0
-3.9558 -4.7476 3
-3.3738 -3.7466 3
-7.5517 -2.5830 1
-4.5726 1.0948 2
-9.9366 -2.2604 1
-3.1892 -5.5301 3
-3.2543 -5.6429 3
-6.8347 -2.2615 1
-5.6689 -0.0147 2
6.5233 -5.6722 0
-8.8316 -2.0699 1
-7.6163 -3.3292 1
-4.5143 -4.9713 3
7.6504 -6.1838 0
-4.7259 -1.6397 2
-4.1397 -3.6185 3
-9.9105 -4.5643 1
5.8769 -4.7751 0
-2.4439 -4.6496 3
-3.5878 -3.5016 3
-9.4009 -2.6530 1
-7.6461 -2.0180 1
-3.8387 -3.1641 3
-3.8982 -0.5492 2
-8.7169 -4.5932 1
-10.3494 -3.3529 1
6.8591 -6.1717 0
-8.8416 -3.2803 1
-2.9143 -3.5720 3
8.4792 -6.0260 0
-5.1987 -4.0383 3
-3.2898 -0.0350 2
-4.0950 -0.9026 2
-4.5704 -4.0906 3
-8.6083 -1.3048 1
-3.5069 -4.9888 3
-3.4829 -4.0236 3
-3.4345 -2.6211 3
7.4045 -4.4028 0
-8.5495 -3.9995 1
-7.9459 -2.3239 1
-4.0445 0.2734 2
-9.5487 -3.3217 1
-6.0467 1.3438 2
-5.2820 0.3810 2
-4.4113 0.2957 2
5.6676 -6.3624 0
-7.8658 -3.3942 1
-9.1950 -3.4110 1
6.6712 -6.8958 0
-5.1816 0.9815 2
-8.8160 -1.3942 1
-8.8190 -2.1151 1
-3.9645 -5.7613 3
7.9719 -7.7799 0
7.8940 -7.2005 0
5.2437 -7.5810 0
-2.5054 -3.3739 3
8.5880 -8.0602 0
8.4676 -6.3046 0
-5.5024 1.9948 2
5.4438 -9.0380 0
7.4296 -6.4615 0
-4.3074 1.5375 2
7.6877 -4.8892 0
-8.9339 -1.2921 1
-7.6140 -4.1875 1
-10.7601 -3.4541 1
-6.4403 0.1516 2
9.6353 -7.8292 0
8.5500 -7.3840 0
-10.4215 -5.2386 1
7.2109 -6.4020 0
-5.0689 -4.2778 3
5.9825 -7.0742 0
-5.6339 -4.3975 3
-2.4267 -4.9028 3
-3.4720 -3.9367 3
-2.5564 -3.6875 3
-8.8341 -1.0440 1
6.5041 -5.5944 0
-3.9572 1.7441 2
7.3438 -5.9874 0
-4.0390 -4.4745 3
-1.9617 -3.0093 3
-4.4874 -4.4380 3
-4.2976 -3.3960 3
8.4256 -7.5605 0
5.1332 -7.7863 0
-3.4692 -4.5080 3
-9.7498 -1.9684 1
-8.4879 -2.6734 1
7.4190 -4.9507 0
-7.5226 -2.0153 1
-7.2167 -4.1238 1
-3.6116 -3.5478 3
6.6535 -7.8725 0
-5.1132 -0.2991 2
-8.1065 -3.2449 1
-4.4709 0.3925 2
-4.7006 -0.3984 2
-7.6371 -1.0894 1
7.0468 -8.1871 0
5.1795 -5.2510 0
-5.7465 1.0263 2
7.3989 -7.2807 0
-4.1163 -4.3737 3
-8.4083 -4.5750 1
-5.8623 0.9452 2
-9.3199 -2.6460 1
-3.4676 2.3931 2
6.6677 -5.8889 0
-4.7601 -2.9824 3
-4.8646 0.1281 2
-4.2727 0.4301 2
-3.2107 0.6904 2
-7.6801 -2.6568 1
-5.1332 -4.9501 3
-5.6892 0.8253 2
-4.7168 -0.1814 2
7.4824 -7.1457 0
6.2003 -5.0363 0
-4.7035 -0.5767 2
7.2969 -6.6033 0
-7.9808 -3.6308 1
-8.7522 -3.8275 1
-8.9361 -2.0949 1
-4.6042 -4.9217 3
-5.1740 0.0948 2
8.1297 -6.3404 0
7.1899 -7.0246 0
6.4994 -6.4376 0
-8.2581 -2.2545 1
-5.4061 -3.4299 3
-3.4131 0.4403 2
-4.6203 -4.3085 3
7.4563 -6.8405 0
-5.5439 1.9483 2
-8.7671 -3.3868 1
6.1607 -6.5921 0
-3.7389 -3.6014 3
-2.5990 -4.1260 3
6.9095 -5.9456 0
-3.3977 1.3544 2
8.4272 -6.9535 0
-2.2377 -5.6397 3
-6.3764 -3.1446 1
9.5181 -6.4484 0
7.4895 -6.6504 0
-3.2737 1.6444 2
7.8188 -7.8604 0
-5.1496 1.3734 2
6.6680 -4.6924 0
-4.1634 0.6062 2
-5.8949 0.9498 2
-6.1626 2.0597 2
-7.2453 -2.1978 1
5.8382 -6.3879 0
8.5474 -6.2733 0
-3.8516 1.4653 2
-6.4500 -2.7095 1
-4.3990 -2.4193 3
-3.9624 -4.3585 3
-9.5707 -4.0799 1
8.5320 -7.2365 0
-2.7268 -4.4875 3
-4.7369 -0.8206 2
-4.2463 -3.9302 3
-4.1529 0.1560 2
6.4114 -5.8227 0
-3.8484 0.8565 2
-3.5542 -2.7768 3
-7.2834 -0.5199 1
-8.6019 -0.9233 1
8.2639 -7.0235 0
-3.1065 -4.5132 3
-6.8995 -0.2944 2
-4.4461 -1.1030 2
-9.1061 -2.9486 1
-7.8734 -1.8556 1
-3.7911 1.0207 2
-4.9342 1.4058 2
7.4147 -6.9916 0
-6.7127 -0.9949 1
-4.1784 -2.9494 3
-7.3745 -2.6939 1
-3.9419 -4.1822 3
-2.7644 -4.2853 3
-3.5963 -0.1404 2
6.7576 -8.7577 0
-4.5864 0.2212 2
-9.9794 -3.4515 1
-3.6559 2.1244 2
-3.9502 -3.6927 3
-3.0887 -4.0890 3
-8.2129 -2.7911 1
-5.2685 1.2520 2
-5.2702 -0.8720 2
-4.7599 1.4458 2
-3.8528 1.6684 2
7.4589 -4.7874 0
-2.9331 -4.4526 3
-5.1580 -2.8821 3
-5.4744 -4.0581 3
-2.8551 -3.5226 3
-1.7992 -3.1697 3
7.5525 -5.9010 0
-4.6402 0.6166 2
-8.2849 -2.2629 1
-3.9323 0.8991 2
-4.9807 -4.0281 3
7.0094 -5.5957 0
-4.3210 -3.1485 3
-9.4353 -1.2090 1
-3.9719 -3.2985 3
-4.7097 -3.1838 3
-2.1558 1.8182 2
-4.9634 -3.2708 3
-3.9856 -4.1099 3
7.9960 -6.3717 0
-2.6687 -4.4534 3
-3.3359 -4.0862 3
-4.6720 0.2444 2
6.2721 -5.9049 0
-3.7942 -1.2842 3
-8.6350 -2.7064 1
-4.5998 0.5504 2
-9.4648 -4.2392 1
-9.7088 -3.3994 1
-3.0138 -5.0350 3
8.2472 -5.3192 0
-4.6137 -4.1852 3
-7.4480 -3.3827 1
-4.9310 -4.6818 3
-4.1650 -1.9325 3
-4.5900 0.2034 2
-3.3060 -3.6901 3
-4.0787 -2.7545 3
-3.4544 1.7505 2
7.6587 -6.9637 0
6.5076 -7.3775 0
-4.0483 0.2720 2
6.1658 -5.5813 0
-7.1219 -2.5278 1
6.8755 -6.3404 0
-4.5632 -0.3037 2
6.8450 -7.0918 0
-5.4380 0.0610 2
-4.9816 0.1397 2
-3.0015 -4.0999 3
-3.1115 0.3260 2
-6.3819 0.4809 2
-3.1777 -3.4791 3
-4.7453 2.4068 2
-9.6930 -2.3389 1
-2.6251 -2.7042 3
7.0876 -7.3952 0
7.1434 -8.8658 0
-7.5751 -2.3277 1
5.0397 -8.5720 0
-4.0051 1.0748 2
-7.0992 -3.2456 1
-8.8407 -3.3951 1
-8.3992 -5.8268 1
-4.2722 -3.6648 3
8.7236 -8.0626 0
-9.5228 -1.6937 1
-3.2114 -4.4823 3
-3.5375 -5.3785 3
-5.7518 0.2207 2
7.0506 -6.1392 0
-4.6718 -0.7353 2
-3.3269 -4.0780 3
-8.2722 -2.5807 1
7.9021 -8.1353 0
-8.7706 -0.5285 1
8.3570 -6.6229 0
8.3810 -8.1569 0
-3.4038 -2.6321 3
7.0744 -4.9934 0
6.3942 -5.4883 0
7.8823 -7.6871 0
7.5054 -5.3855 0
-7.6581 0.4839 2
-6.1370 2.2399 2
-2.3750 1.0688 2
-4.0828 -0.3383 2
7.7559 -5.8306 0
6.4912 -7.5952 0
6.5742 -6.9764 0
-5.3587 1.4494 2
-3.8903 0.0890 2
8.5492 -7.2172 0
-3.2009 1.2769 2
-5.7764 -4.3325 3
-11.0057 -2.4145 1
-9.3597 -0.8965 1
8.6250 -6.4359 0
-8.3275 -2.3644 1
-7.1698 -2.4820 1
-3.6252 1.0382 2
7.8311 -7.2351 0
-3.7073 0.1694 2
-4.0768 -2.1616 3
-4.7560 1.1633 2
-4.3377 -4.2140 3
-9.9000 -2.1354 1
-3.1133 0.6452 2
-10.0839 -1.8988 1
-3.3080 1.2873 2
-4.2779 0.0693 2
-2.9156 -5.4347 3
6.2636 -4.1952 0
-4.6492 -3.6580 3
-4.1607 -2.5122 3
-8.2693 -5.3510 1
-9.4742 -2.6169 1
-3.6930 0.8560 2
5.7258 -8.2511 0
6.1572 -5.8757 0
-3.5354 -0.9856 2
-3.8580 2.6096 2
5.5948 -6.0208 0
-8.9723 -3.4848 1
-7.5080 -3.0020 1
-2.2192 0.1232 2
-3.5774 -3.5327 3
-3.5047 0.1831 2
8.5000 -6.9091 0
-4.3650 -3.2713 3
-8.7581 -4.4697 1
-4.2371 2.9173 2
-2.5617 -6.1136 3
-2.7430 -4.7086 3
6.1289 -5.0148 0
-10.5223 -2.7972 1
-3.3035 1.2603 2
-5.1059 -3.6897 3
-10.8247 -3.7235 1
-5.4895 0.2969 2
-6.3113 -0.0900 2
6.9116 -7.1296 0
-4.7380 0.3918 2
-10.3885 -2.4506 1
-3.9740 -2.3951 3
-2.9576 -3.5912 3
-5.7423 -3.8717 3
-4.6662 1.1626 2
7.0544 -8.1164 0
-10.3057 -2.1952 1
-5.0740 -0.3342 2
-4.6784 0.0657 2
-5.7864 0.0231 2
-5.0234 0.4641 2
-3.5056 -5.6672 3
-9.0030 -2.9851 1
-8.3101 -1.2702 1
-8.3884 -2.2915 1
-4.1785 -0.1348 2
-4.5544 1.1884 2
-9.6639 -2.5754 1
6.5973 -6.0489 0
-5.1701 -0.2621 2
-5.0685 0.5205 2
-9.0596 -1.7238 1
-4.3704 -4.3442 3
-7.4908 -1.6148 1
-4.3165 1.6439 2
-8.6628 -3.2397 1
-10.2853 -2.6006 1
7.4088 -7.3539 0
-4.9340 -0.3575 2
-9.5821 -3.0962 1
-3.6470 0.1672 2
-3.2748 -1.2563 3
-5.4373 -0.2939 2
-9.3539 -3.7857 1
-9.1579 -3.1878 1
-4.3517 -4.8485 3
-9.9340 -4.8759 1
-5.0197 -3.0469 3
-9.1295 -3.1020 1
-4.5518 2.0143 2
-3.5693 0.8672 2
-8.8815 -3.9399 1
6.2823 -5.3026 0
-7.2575 -1.2397 1
-9.4226 -3.4816 1
-3.6564 -3.4548 3
5.5825 -7.8302 0
-4.9640 -3.3663 3
-8.1640 -2.7226 1
-2.9917 -3.2648 3
-5.4393 -0.2683 2
6.4312 -6.7286 0
-2.9975 -0.4713 2
-4.5678 1.9084 2
-5.7233 -1.2089 2
-3.3659 -3.4396 3
-3.0469 -4.3643 3
7.3433 -6.2428 0
8.8480 -7.0072 0
6.8182 -5.2888 0
7.9969 -6.5594 0
-4.0893 0.5328 2
6.8298 -6.4555 0
-1.9148 -2.4799 3
5.2148 -6.7415 0
7.4243 -7.1080 0
-7.5039 -3.2109 1
7.3647 -5.0290 0
-10.1284 -3.2738 1
7.3335 -7.1313 0
5.2981 -6.1876 0
6.9341 -5.5219 0
7.4562 -6.3925 0
6.4623 -6.3993 0
-4.4978 -0.2593 2
6.6116 -4.4902 0
6.8847 -6.8123 0
-5.5174 -2.3592 1
-4.1479 -5.4995 3
-5.5338 0.9098 2
-4.2817 -0.9210 2
6.6374 -5.8537 0
-3.9301 -0.1198 2
-3.3956 2.6979 2
-5.3858 2.1011 2
-4.8512 -0.0191 2
6.7217 -6.3020 0
-4.9800 -3.7287 3
-3.9194 -0.5042 2
-3.9643 -1.9732 3
-6.6369 0.4489 2
-7.9511 -3.5047 1
-2.4534 -5.8413 3
-3.9424 -0.1393 2
5.4069 -6.7419 0
-7.3996 -1.0350 1
-10.3916 -2.5509 1
7.6599 -5.5162 0
-4.8483 -5.1415 3
-3.3336 -6.4228 3
7.5637 -6.8335 0
-5.1150 2.1042 2
6.3782 -6.1338 0
-8.6803 -1.9436 1
-4.2735 -2.9215 3
-2.5178 -4.4697 3
-6.6428 2.1184 2
-9.3711 -3.3780 1
-3.9488 -3.1809 3
-4.2013 0.1369 2
-5.4913 -2.0021 3
-9.6630 -3.5172 1
-8.0503 -2.2177 1
6.4480 -6.8966 0
-4.7019 -3.9450 3
-2.9536 -0.4819 2
-5.6366 -0.9018 2
-8.5221 -1.5965 1
7.8179 -5.5155 0
-8.1249 -4.1395 1
-5.2407 -1.3086 2
-3.8463 3.1619 2
-5.4357 -3.2040 1
-3.0668 -3.3729 3
8.6247 -5.4365 0
6.7207 -7.2635 0
-8.4275 -1.8787 1
-3.1625 -0.2000 2
7.0603 -7.0763 0
-9.2008 -4.6254 1
6.1928 -6.1539 0
-3.4932 -3.3555 3
-3.6041 -0.2189 2
-4.5911 0.1256 2
-6.0230 0.9055 2
-9.1650 -2.2414 1
-4.5244 -3.6934 3
6.7051 -6.2358 0
-5.4541 1.3260 2
-4.5353 -4.2114 3
-3.8547 0.3602 2
-5.7187 -0.4048 2
7.4373 -6.7270 0
-7.3776 -1.4780 1
8.1604 -5.6513 0
7.2777 -8.3715 0
-5.6727 -5.4637 3
-8.1215 -2.5997 1
-6.2854 1.7182 2
-4.9795 -5.1642 3
-2.5224 -4.3941 3
8.0176 -7.2572 0
-8.4064 -2.7054 1
-3.4209 0.3029 2
-11.1200 -2.5601 1
-7.3960 -3.7586 1
7.2754 -6.9573 0
-4.3369 1.2414 2
-4.4852 0.3892 2
-9.7784 -2.5151 1
-4.1842 -0.4718 2
-5.4939 -0.7925 2
7.5806 -7.4645 0
-6.0290 0.2661 2
-3.2621 -4.2964 3
-9.9028 -0.2694 1
-4.8116 -4.9600 3
8.5972 -6.6000 0
-4.4745 0.1668 2
-3.5704 0.7846 2
-7.0727 0.2190 2
6.0101 -6.5040 0
-8.4341 -2.8739 1
-5.5552 -3.8558 3
-5.3960 1.3382 2
7.3846 -5.9644 0
-4.2608 -0.8203 2
-8.6345 -3.8504 1
-4.0868 -3.2913 3
-2.6330 -3.9498 3
5.9827 -4.3705 0
-3.1024 -3.4700 3
-3.1248 -5.2821 3
6.6498 -5.8871 0
4.4959 -7.3776 0
-3.3794 -3.9047 3
-9.0956 -4.1147 1
-9.7297 -3.5513 1
7.6846 -7.0970 0
6.9293 -6.2284 0
6.7611 -6.9729 0
-4.8780 1.9266 2
-9.7292 -3.3017 1
-7.1010 -3.8997 1
7.1811 -5.7721 0
-5.5358 -0.1748 2
-2.6945 -3.5528 3
-8.7294 -4.2656 1
-4.1226 -1.2518 3
8.6646 -6.3813 0
-7.8112 -2.9452 1
-3.2277 -3.5208 3
-8.8880 -2.9771 1
-6.1715 1.3005 2
5.5982 -7.5113 0
8.2819 -6.4278 0
-3.5470 -1.9107 3
8.6823 -5.3215 0
6.0244 -5.7662 0
-2.8547 -4.7212 3
6.1569 -7.0799 0
-3.6476 -5.8171 3
-3.8321 0.0901 2
7.7675 -5.7833 0
-3.6199 -4.7513 3
6.2990 -7.0771 0
7.6523 -6.2678 0
-3.9053 -3.0696 3
-5.2970 0.4538 2
5.9401 -4.9107 0
-8.5013 -3.7335 1
-8.2926 -2.3330 1
-5.1711 0.9733 2
4.8379 -3.8288 0
-8.7364 -2.7490 1
-11.6344 -2.3163 1
-7.9635 -3.8877 1
-7.8213 -3.7587 1
-5.7986 -3.2188 3
-4.8980 -2.1680 2
-4.7000 1.0012 2
-2.7460 -4.3116 3
-10.7164 -3.0205 1
7.3662 -9.0978 0
6.2805 -5.4553 0
-2.0844 -3.4846 3
-8.8676 -4.4877 1
-7.1370 -1.9200 1
6.3325 -5.6366 0
-2.8665 2.0504 2
7.2163 -7.2321 0
-3.1869 -5.8595 3
-2.9218 0.8212 2
7.7339 -7.4079 0
-9.2834 -2.7049 1
-4.9780 0.7894 2
6.8419 -5.9345 0
-3.6320 -4.8123 3
7.9987 -7.9780 0
5.4992 -4.7274 0
-2.9051 -4.6438 3
-2.0407 -4.3348 3
-3.9120 -5.1812 3
7.1893 -6.5466 0
8.6950 -5.3433 0
7.6406 -6.4861 0
-3.4226 -3.7399 3
-2.2991 -3.6267 3
-9.1565 -3.2581 1
-7.3374 -1.4966 1
-4.3090 -0.6245 2
7.8603 -7.2905 0
6.3089 -5.2888 0
-3.9631 -4.1732 3
-6.2843 -4.7960 3
-5.4047 0.9446 2
-3.3654 -6.2663 3
8.5392 -5.5985 0
-7.7782 -2.7984 1
5.8105 -5.9791 0
-4.8022 -0.4659 2
-5.7895 0.4297 2
-9.0751 -3.2563 1
-5.4263 -2.6916 3
7.4102 -4.8622 0
-4.8961 0.3739 2
7.3616 -6.7884 0
-10.8433 -3.3774 1
-3.3358 2.1605 2
6.6511 -7.1082 0
5.5262 -8.1160 0
-4.4890 0.8411 2
6.0240 -5.9916 0
-8.7798 -3.0441 1
-10.0395 -2.0570 1
5.1857 -6.2740 0
6.2942 -6.2192 0
-9.3160 -3.4026 1
-4.4731 1.1276 2
-8.6653 -2.1549 1
-4.6034 0.3985 2
-5.3301 2.6518 2
-4.5828 0.4523 2
6.2872 -5.5584 0
-6.1688 0.8028 2
-8.9400 -3.9362 1
-4.3592 -5.7939 3
-3.9325 0.9847 2
5.3548 -6.9389 0
6.1682 -7.1384 0
-6.3020 0.8391 2
-4.2827 -3.9107 3
-8.8686 -2.2881 1
-2.9342 -4.4489 3
-5.0504 -3.7097 3
-4.3753 -3.4951 3
-10.1393 -3.6705 1
-3.5989 0.6674 2
6.6082 -4.6147 0
-4.0787 0.1578 2
-3.6031 0.8285 2
-4.5351 -5.5765 3
-9.7342 -2.6669 1
6.6558 -6.6926 0
-4.2665 0.4911 2
-7.4742 -1.8928 1
7.0247 -7.4739 0
-4.1621 -0.0674 2
-3.1054 -1.5189 3
-3.8035 -2.1164 3
-2.9481 -4.0482 3
8.4046 -5.7823 0
-4.6278 -5.2680 3
-7.8453 -5.5602 1
-2.4360 -5.0971 3
-8.0769 -0.9109 1
-9.4947 -1.4796 1
-8.8888 -2.0885 1
-4.6270 -2.9993 3
-8.3560 -2.6715 1
-8.2265 -2.7666 1
8.0575 -6.2708 0
-4.1455 -3.6529 3
7.3768 -6.4463 0
6.2808 -7.7275 0
-4.4295 0.3350 2
-9.9284 -3.9434 1
8.4701 -4.3558 0
-0.7528 -3.4392 3
-7.4618 -3.7546 1
-4.8907 -4.2464 3
-3.6219 -4.9994 3
-7.0570 -2.5500 1
-3.8204 1.3950 2
7.2776 -4.7812 0
-3.9557 -4.2317 3
6.7793 -6.1456 0
-4.7848 -3.3125 3
-4.4982 0.6205 2
-4.9123 -0.0838 2
7.1641 -4.4857 0
-6.0113 -0.1004 2
-6.3673 -4.6053 3
6.9103 -7.2493 0
6.9394 -9.1338 0
-4.9943 0.3711 2
-1.5852 -4.2757 3
-4.8861 0.4485 2
-6.6939 -0.5628 2
-5.1664 1.0061 2
-4.1265 -4.4115 3
-1.9993 -5.2002 3
-3.7105 -2.8878 3
-3.0180 -4.9698 3
-10.9098 -3.1875 1
5.5319 -6.5029 0
7.3551 -6.5980 0
6.0752 -4.9279 0
-3.1503 -4.8048 3
-4.5642 0.9391 2
-3.2262 -1.0640 2
-4.8616 1.8798 2
-2.2261 -4.2051 3
6.3829 -6.3144 0
8.7128 -4.9162 0
-4.5839 -3.7578 3
-3.6985 1.3504 2
7.2652 -7.5889 0
-4.7733 -3.2848 3
-10.5209 -3.0797 1
-4.4336 -5.3311 3
-5.1171 -4.5782 3
6.4589 -6.2082 0
-3.5970 -3.0844 3
-5.5741 0.3403 2
-8.6444 -3.5745 1
-1.5703 -3.8306 3
-4.9159 -3.9198 3
-7.3015 -3.1027 1
-3.3959 -3.5352 3
-3.2016 -2.8615 3
5.3293 -7.5095 0
-4.0904 -4.0086 3
-4.9049 -0.3671 2
6.6893 -6.5126 0
-4.2783 0.1516 2
-8.1463 -1.1419 1
-4.1119 -2.1356 3
8.0758 -4.8718 0
-6.9250 -2.9920 1
-3.4690 0.1319 2
-10.1410 -2.7687 1
-8.0088 -1.2386 1
-4.8087 -0.5041 2
-4.7069 -3.7142 3
-8.6135 -3.4498 1
-4.2261 0.8758 2
6.9814 -5.7420 0
-5.3763 0.3706 2
-3.4430 -0.9134 2
-4.4450 -3.3327 3
-3.7898 1.7941 2
-9.3299 -2.4893 1
-3.5394 0.4002 2
-8.4106 -4.7877 1
8.1502 -7.0208 0
6.7716 -6.2380 0
-9.1011 -3.6171 1
-10.5979 -1.9477 1
9.2302 -6.6628 0
-5.7883 1.3955 2
7.8812 -5.7800 0
-10.2475 -2.0762 1
-3.8290 0.6059 2
-3.1050 -3.2544 3
-4.0333 -3.9140 3
-10.2709 -2.3659 1
-4.9324 -0.9562 2
7.6004 -5.8760 0
-3.4398 -4.8860 3
-3.0048 -4.4406 3
-7.8971 -3.5120 1
8.0144 -6.4944 0
-8.5977 -1.9949 1
-4.3802 0.3195 2
6.2652 -5.6246 0
-9.1871 -4.7305 1
6.5155 -5.0211 0
-3.7388 -4.4617 3
7.4861 -7.5242 0
-5.8784 0.9103 2
5.6334 -7.5609 0
-3.2471 -4.6613 3
-2.7899 1.1206 2
-4.0628 -0.5775 2
7.8573 -6.6635 0
-8.2031 -4.1044 1
-5.0717 -1.0148 3
7.7844 -7.6775 0
5.9434 -5.4805 0
6.7255 -6.6138 0
-5.8713 -1.7512 3
6.7877 -5.8255 0
-5.3263 -4.6148 3
-8.9739 -4.5945 1
6.5476 -6.3756 0
-4.1856 0.0613 2
-5.4381 0.6741 2
-9.6435 -0.9565 1
-3.3338 -2.6776 3
-10.3421 -2.4304 1
8.9173 -5.1143 0
-6.8054 -1.2635 1
7.6228 -4.6250 0
-4.2359 -4.0937 3
-2.6364 -1.4569 2
5.1899 -8.0039 0
-2.6812 -2.0487 3
7.6132 -6.8098 0
6.7994 -5.5923 0
-4.7263 -4.6128 3
6.9964 -5.9018 0
-4.7471 -5.2684 3
6.2027 -5.9250 0
6.9750 -6.5449 0
-8.4072 -3.7026 1
-9.5679 -2.4462 1
-8.0480 -3.9628 1
7.5965 -6.0472 0
-5.4665 0.5991 2
-4.5402 1.7948 2
-1.6544 -0.0568 2
6.0401 -5.5107 0
7.2469 -6.4100 0
-9.3713 -3.1896 1
-9.4666 -3.3308 1
-3.2058 -6.6351 3
-3.7747 0.0602 2
8.3605 -7.8363 0
7.8736 -5.5391 0
-5.5161 0.9881 2
-9.7128 -2.7105 1
6.3709 -4.9803 0
-3.2978 0.9234 2
-1.8878 2.4998 2
5.3350 -5.8293 0
8.4729 -5.1321 0
-3.9866 1.9167 2
7.7469 -6.8237 0
-5.6311 1.5990 2
-8.2845 -2.6913 1
-8.6988 -3.2683 1
-5.6765 -4.3837 3
8.3374 -4.7737 0
-4.6511 -3.1493 3
7.9839 -6.7949 0
-2.9588 -4.2844 3
-8.7572 -3.4348 1
-5.0739 0.0178 2
5.8992 -6.8490 0
-5.1166 1.4643 2
-5.9788 -2.0331 2
-3.1200 0.1065 2
-7.7888 -1.9487 1
-8.4391 -2.1261 1
-4.0715 0.2992 2
5.8420 -5.9631 0
6.3546 -4.7709 0
5.8509 -6.8913 0
-9.0989 -3.4271 1
5.5583 -6.1136 0
7.7175 -6.1218 0
-5.8732 0.9285 2
-5.5980 0.2112 2
7.2462 -6.3315 0
-4.9817 0.5824 2
5.3994 -5.2255 0
-9.7042 -2.2880 1
-5.9118 0.6007 2
-3.9997 1.5957 2
-3.9164 -0.5672 2
-3.9524 -3.5844 3
-9.0922 -2.2670 1
-3.2435 -4.9401 3
-3.6694 -5.0485 3
-5.6475 1.0198 2
-3.8429 -2.5532 3
-7.8127 -4.0818 1
-6.7964 0.2623 2
-4.5782 1.4254 2
6.1668 -5.9971 0
-4.2095 -3.6655 3
-6.2046 -0.0822 2
-3.7559 1.1661 2
-3.8441 -2.2157 3
-8.7149 -2.7604 1
-2.8961 -5.1572 3
-3.1285 -5.1995 3
-9.1666 -1.7032 1
-8.8042 -3.7258 1
-6.2010 -1.0733 1
-10.7849 -3.8300 1
-3.8923 -3.3000 3
6.6610 -5.8684 0
-8.1800 -3.1814 1
-9.7663 -1.3263 1
-4.0675 1.5556 2
7.4104 -5.0303 0
-8.2822 -2.6987 1
6.4942 -4.9350 0
6.3133 -8.4191 0
7.1554 -5.1066 0
-5.2778 0.9663 2
-4.2405 2.1900 2
-4.0549 0.2519 2
-8.2911 -2.4336 1
-9.1336 -3.7945 1
-7.7510 -2.0949 1
8.1310 -7.8189 0
-3.7747 -4.5328 3
-3.4941 -1.8889 3
-3.4443 -2.9045 3
-4.1896 0.7549 2
6.7071 -6.6933 0
-3.4796 -6.4930 3
-2.9539 -4.4029 3
-8.3765 -2.3689 1
6.2037 -7.2848 0
-4.2024 0.3195 2
5.5230 -5.4374 0
-4.0953 -3.5059 3
-5.9714 1.4978 2
7.8234 -7.5286 0
-3.9099 -3.6423 3
6.7008 -6.2467 0
-4.3575 -5.4411 3
-4.2496 0.9413 2
-4.7880 -0.9235 2
4.8730 -5.3941 0
-3.6282 0.7671 2
6.8593 -6.5622 0
-3.5215 -4.1175 3
9.1043 -7.4802 0
-5.4364 -3.2977 3
-8.2300 -1.9527 1
-3.9712 -4.5525 3
-4.5327 -4.3174 3
-8.8162 -3.4894 1
-3.5652 0.8590 2
6.8944 -8.2100 0
-2.9470 -4.3560 3
7.2043 -6.2984 0
-4.6222 -4.2493 3
-4.1925 -3.4883 3
-5.5287 -0.3573 2
-3.8868 -1.2320 2
-4.3698 -5.7830 3
-1.8310 -3.9868 3
-3.8456 -1.8132 3
-4.0503 0.1446 2
-4.1571 -0.6335 2
7.8011 -6.0467 0
7.6908 -6.3356 0
-3.4654 0.0634 2
-8.9972 -3.7286 1
5.8035 -6.4744 0
-3.8411 -4.5839 3
-5.8839 -0.1539 2
-4.5271 -3.9423 3
-4.4998 0.0644 2
-3.0754 -3.6838 3
5.7564 -8.8443 0
6.9510 -6.7733 0
-4.6075 1.2072 2
6.7203 -6.1329 0
-9.3093 -3.1642 1
-2.3813 -4.1336 3
-2.9682 1.2149 2
-8.5343 -1.4621 1
-8.7345 -1.2913 1
-2.7872 0.3147 2
-4.0568 -3.2930 3
-8.6505 -2.0154 1
7.1023 -5.3197 0
6.5135 -6.8678 0
-4.8032 -1.9114 3
-8.7115 -3.1198 1
7.4206 -6.8195 0
-3.0751 -3.8911 3
-3.7781 1.7325 2
-5.6663 -2.0576 3
-3.7215 -5.3766 3
-3.9810 -3.3643 3
7.5795 -7.4203 0
-4.2404 1.0734 2
-6.2725 2.5825 2
7.1218 -6.0284 0
-5.2846 -3.6006 3
-7.7589 -4.1171 1
-3.1465 -4.0573 3
4.7508 -6.9447 0
8.8509 -5.1777 0
-8.6539 -0.7465 1
-2.7537 -4.5457 3
-8.3527 -3.9848 1
-9.5618 -3.6455 1
-3.0338 -4.9941 3
7.0648 -6.8946 0
-3.9954 0.2674 2
-3.1431 0.3656 2
-4.7290 -3.3938 3
-4.5979 1.4938 2
-4.1523 -5.0289 3
-3.6029 -3.9303 3
-3.1366 0.1593 2
6.3754 -6.2480 0
-3.9734 -4.9982 3
-5.1049 1.1987 2
7.5428 -6.5692 0
-9.9893 -1.6963 1
-4.1758 -0.1442 2
5.9646 -5.9109 0
-3.8068 -2.8865 3
6.3350 -6.3453 0
-8.9567 -3.7955 1
-9.2791 -3.8053 1
-4.1929 -3.0177 3
-2.8732 0.9789 2
-7.7641 -3.2301 1
-8.1945 -2.7167 1
6.9079 -7.2173 0
-7.4155 -5.3770 1
8.0020 -7.1543 0
-3.9465 -5.1118 3
-3.4010 -3.2764 3
-4.1793 0.7575 2
-8.9630 -3.2466 1
-2.4803 -4.4150 3
-5.8985 2.2383 2
-5.0750 -5.2770 3
7.1952 -6.8979 0
-3.9010 -3.9023 3
-3.4994 -4.6948 3
7.3416 -5.8708 0
7.2337 -6.6891 0
-7.2177 0.5588 2
-3.7918 -2.7353 3
7.0068 -6.1591 0
-8.3260 -3.4976 1
-8.4537 -0.7248 1
-3.7412 1.0958 2
-9.2220 -3.2222 1
7.4186 -5.8416 0
-9.1388 -2.1716 1
7.6757 -8.0597 0
-4.4280 -2.7673 3
-6.0540 1.6739 2
-4.5330 -3.1275 3
-5.8508 0.9402 2
-3.1028 -4.0889 3
7.4631 -6.2185 0
-10.6355 -3.8690 1
-7.6870 -3.0620 1
5.4273 -6.1735 0
5.9119 -7.8490 0
8.2547 -5.3844 0
-2.8989 1.7749 2
6.9810 -5.6407 0
-4.4280 -3.8499 3
-3.0732 -4.0762 3
-6.2443 2.3081 2
7.2646 -6.3796 0
-8.3345 -3.9566 1
-3.4998 -5.7155 3
-8.9198 -1.9458 1
7.6589 -5.7409 0
5.3356 -7.3981 0
6.9016 -6.3703 0
-9.6026 -0.3568 1
9.1514 -5.1231 0
-9.4097 -3.4130 1
-8.3641 -2.8384 1
-9.2547 -2.7128 1
-8.5804 -3.9723 1
-5.9114 1.2570 2
-6.1292 -3.0986 1
-4.0099 0.1229 2
8.0571 -6.3053 0
6.1896 -4.0840 0
-4.0306 -3.3246 3
-3.7394 -2.2672 3
-7.9621 -1.4204 1
7.9419 -6.0020 0
-8.7984 -3.8546 1
-5.5375 2.5612 2
7.4292 -7.5772 0
-5.0027 -0.0543 2
-5.3254 1.8416 2
6.0006 -8.0717 0
7.5227 -5.8261 0
-9.7494 -4.0921 1
5.9717 -7.1985 0
-4.4973 -2.9471 3
-7.8532 -3.1006 1
7.7124 -5.7137 0
-4.0097 0.4966 2
7.2640 -5.1504 0
-8.2690 -3.5333 1
-4.2288 0.2368 2
-5.3579 -0.0188 2
-8.3042 -3.8201 1
6.7015 -8.2696 0
6.9326 -7.6804 0
-10.6433 -2.2354 1
-5.9780 1.2182 2
-4.3342 -1.7954 3
-9.4574 -5.8853 1
-4.0884 -3.0478 3
-8.1278 -3.2368 1
5.4479 -8.2916 0
-9.2477 -1.9565 1
-5.3757 -3.1693 3
-8.6103 -1.9701 1
-5.5305 -0.7390 2
-5.9394 -2.6771 3
-5.1450 0.7577 2
-2.6024 -3.2598 3
6.9504 -6.8369 0
-3.2291 -4.4491 3
-8.3743 -2.2565 1
-4.8135 1.9573 2
-5.0476 1.4013 2
5.7293 -6.1646 0
6.7471 -6.4212 0
6.7058 -5.9198 0
5.8973 -7.4514 0
-2.9799 -2.0516 3
4.8962 -4.4804 0
-4.6421 -0.1534 2
-3.4724 -1.4111 3
-2.2722 -3.9942 3
4.5851 -5.4446 0
-6.0167 1.8634 2
-8.1040 -2.2539 1
-3.4484 3.0548 2
-5.4564 -1.2986 2
-8.3412 -1.6978 1
7.5297 -4.5705 0
7.7970 -5.4401 0
-3.3967 -5.3185 3
-3.5308 -4.1306 3
-3.1375 -3.7461 3
-3.9232 -2.3778 3
7.0784 -6.2209 0
-3.9594 -3.6818 3
-4.7490 1.2282 2
-7.7721 -2.9881 1
-3.3355 -3.0247 3
-9.5190 -2.1170 1
-9.6455 -2.8322 1
-2.7906 0.3132 2
7.7511 -6.7366 0
-4.3257 -3.7884 3
-5.9874 1.2347 2
-8.3326 -2.7949 1
-4.5460 -2.9868 3
-10.6606 -2.2069 1
6.7246 -6.2266 0
-4.8766 -3.4261 3
-3.0241 -5.2860 3
-8.7826 -0.9978 1
-7.8013 -2.9246 1
-4.7656 -0.2685 2
-4.2375 -2.8979 3
-8.3215 -3.1637 1
-3.2165 1.1651 2
-2.8599 -3.3800 3
-6.0597 1.7148 2
-9.6644 -3.1682 1
5.5509 -7.6974 0
-10.7940 -4.5826 1
-4.3410 0.4528 2
5.6409 -5.2485 0
-3.8517 0.8805 2
-4.7288 1.6917 2
-10.5096 -2.5876 1
-3.4092 -5.6447 3
-8.9530 -2.1699 1
-3.3836 -0.4014 2
7.0721 -7.0015 0
5.6602 -6.3516 0
6.6236 -7.7616 0
-5.2547 2.4011 2
8.5821 -5.9233 0
-3.0624 -3.0701 3
-4.0989 -4.8372 3
-8.1851 -3.3702 1
-3.3705 -5.3514 3
-8.3901 -2.9399 1
-8.2171 -4.8121 1
6.4498 -7.3558 0
-4.3376 1.7773 2
-4.4902 -3.3412 3
-4.6575 1.9158 2
-11.4502 -5.3880 1
-4.5061 -3.1805 3
-4.3511 -0.1974 2
-3.3545 -4.0092 3
-1.7379 -4.7227 3
-3.1459 -1.6982 3
7.2957 -6.9251 0
-3.5033 -3.0532 3
-5.2693 -4.0083 3
-3.3681 -4.3339 3
-4.2795 0.2461 2
-5.8258 1.8787 2
-3.5097 -3.7318 3
7.9988 -5.0671 0
-4.6367 1.1553 2
-7.6116 -2.5645 1
6.7688 -7.0793 0
-3.9724 -3.5900 3
-4.6190 0.3201 2
-3.7886 0.7217 2
8.7873 -5.5552 0
-3.2541 -4.5705 3
-8.3607 0.0998 1
-8.6593 -3.2388 1
-7.5804 -4.5936 1
-2.4506 -2.7123 3
-2.7034 -3.2139 3
-8.9700 -2.2595 1
7.3325 -6.2480 0
-3.7098 -5.6799 3
-8.5892 -2.1758 1
7.4553 -6.3264 0
-9.4942 -2.8964 1
-3.1304 -3.2324 3
-3.9966 1.6394 2
-4.3133 -4.2395 3
6.7467 -4.9043 0
-4.5229 1.4205 2
6.0587 -6.5360 0
6.4618 -6.7975 0
-10.5530 -1.6380 1
-9.7761 -3.4879 1
6.6932 -6.5687 0
-10.0898 -2.4907 1
-9.2311 -2.4574 1
7.0491 -5.2788 0
5.2858 -6.2779 0
-5.0411 -4.8052 3
-4.7415 -3.3667 3
-4.9491 1.6341 2
6.8867 -6.8449 0
-10.2265 -1.2381 1
-4.4306 -3.2444 3
-4.3607 -4.2448 3
-8.6890 -3.3066 1
6.3153 -4.8072 0
7.8022 -6.7498 0
-3.4554 -3.1383 3
-6.2351 0.3801 2
5.6323 -6.2384 0
7.8351 -4.8177 0
9.0047 -5.8992 0
-2.7921 -2.5111 3
7.1392 -4.3401 0
-2.6600 -2.6048 3
-3.7264 0.9498 2
-8.1009 -4.0861 1
-1.2962 -2.9049 3
-4.6102 2.6235 2
6.5808 -5.6254 0
-4.9007 1.7430 2
6.4628 -5.5039 0
-8.7972 -2.0174 1
-7.0851 -3.6102 1
-6.6637 -4.3502 1
-4.9438 -2.1824 3
-4.0455 -3.4575 3
6.7692 -5.9511 0
-7.7992 -3.6618 1
-9.7907 -4.7050 1
-2.3770 -3.7915 3
-1.5547 -4.8154 3
7.6307 -7.9132 0
8.2192 -6.5864 0
-5.7853 0.9018 2
-8.9920 -3.5275 1
-1.7292 -3.4357 3
-7.0680 -2.2036 1
-8.8643 -1.9619 1
-5.4226 1.0156 2
-7.1047 -3.0764 1
-5.8355 -2.1985 3
-2.0962 -2.8725 3
6.8937 -4.6959 0
-4.0357 -1.5973 2
8.0127 -6.4958 0
-8.3496 -1.2904 1
-9.2210 -2.7380 1
-6.1076 -1.1819 1
-5.4920 -5.7008 3
6.8731 -5.5465 0
-9.5054 -3.8549 1
-4.2012 1.6211 2
-10.0955 -1.9202 1
-3.4609 -3.6192 3
7.0949 -6.8098 0
-3.4758 -4.4683 3
-8.9830 -3.6613 1
-8.7646 -3.0594 1
-9.7824 -1.0415 1
7.6580 -6.4072 0
-2.7526 -4.7339 3
-2.6939 -4.7575 3
-4.2398 -3.7379 3
-3.5603 -2.9615 3
-4.6209 -4.0293 3
-3.1441 -0.2169 2
7.1343 -5.4868 0
6.6552 -7.8767 0
-8.6973 -2.2189 1
-5.2687 2.3959 2
-8.4470 -2.6613 1
-9.1411 -1.0247 1
-8.5533 -3.2110 1
6.8163 -7.1584 0
-3.2547 -2.9280 3
-3.4935 -4.0991 3
6.7082 -7.8127 0
7.4791 -5.2757 0
-4.3991 -1.4492 2
8.7694 -5.0279 0
-4.0355 -4.5033 3
5.1423 -7.6315 0
-9.2054 -1.8027 1
-4.6187 0.8102 2
-4.5188 1.1348 2
-5.6675 -3.4253 3
-5.1664 -0.4902 2
-5.2876 -0.6924 2
-8.4301 -2.9613 1
-8.6750 -2.5042 1
-5.4991 -1.6848 2
7.6359 -6.9009 0
-1.9612 2.1147 2
-3.9742 0.6068 2
-3.0290 1.2886 2
7.6981 -7.8400 0
-4.1020 0.1582 2
-4.9569 -2.7507 3
6.3191 -5.4199 0
-4.8473 1.2070 2
-4.4447 0.7011 2
-4.6732 0.5614 2
-8.0297 -4.1170 1
-4.6453 0.7780 2
-4.4088 1.4414 2
-2.6460 0.6346 2
-2.3373 0.9932 2
-7.1740 -1.2171 1
6.4066 -6.4086 0
7.5380 -8.6206 0
-4.3661 0.0860 2
6.6942 -4.9295 0
-9.1438 -3.5503 1
-8.2657 -2.9666 1
7.1063 -6.5289 0
-7.0928 -3.1722 1
-4.2825 1.8159 2
-3.6947 -3.7564 3
-3.7730 -2.6785 3
-9.4331 -2.7847 1
-9.0438 -2.2083 1
-4.9939 2.1307 2
-4.7475 -4.4390 3
-4.0843 -0.6254 2
-11.4037 -3.0412 1
-9.6781 -2.0276 1
-5.1401 0.0216 2
-3.3197 -4.8928 3
-5.0500 -3.1679 3
-9.0501 -1.5009 1
-3.0410 -4.3295 3
-3.0612 -3.3689 3
-3.5088 -3.9952 3
-8.8471 -2.7186 1
-3.5824 -3.8737 3
-9.3036 -4.8558 1
-4.6219 -0.2846 2
-3.0963 -1.6789 3
-4.9185 -3.9193 3
7.4739 -6.8266 0
-3.4002 -4.4124 3
-3.0661 0.1023 2
-9.8587 -2.5169 1
6.4562 -5.4561 0
-3.1250 -3.8661 3
-4.4361 -3.3145 3
5.4094 -6.0676 0
-9.8225 -1.9192 1
-2.1690 -3.4650 3
-7.6135 -3.5827 1
-3.3448 -3.8577 3
-8.7688 -1.3871 1
-5.1827 -0.7271 2
-3.5751 -4.8430 3
-4.9878 -2.9691 3
6.7230 -6.2953 0
-3.8286 -3.7842 3
-7.7104 -2.2626 1
6.8886 -7.4042 0
6.5374 -4.7726 0
-9.6425 -3.4058 1
-3.6001 0.7512 2
-5.3004 0.3826 2
-9.1678 -2.0901 1
-5.1939 -3.2375 3
8.4335 -6.0517 0
-9.0443 -3.6826 1
-4.4754 1.9516 2
-7.9230 -2.9416 1
-3.5940 1.4955 2
-10.2033 -3.1881 1
6.5125 -7.3838 0
-4.7298 -0.3968 2
6.1302 -5.0076 0
-4.4548 -2.7821 3
-4.1171 0.4773 2
-4.3897 1.9532 2
-3.8461 -2.7120 3
-6.8703 2.7808 2
-3.8110 -4.3995 3
-3.4613 -5.4617 3
-5.8819 0.5620 2
-7.8844 -2.5493 1
-4.8572 1.1325 2
-8.9953 -3.8958 1
-8.1390 -2.3740 1
-5.1359 1.5756 2
-3.3297 -6.6351 3
7.1308 -6.4125 0
-8.7308 -2.1200 1
-8.6872 -2.7809 1
-3.1755 -0.2954 2
-2.8443 -2.2501 3
7.2804 -6.5820 0
8.1082 -6.8705 0
6.1156 -6.4947 0
-8.0363 -2.8978 1
-9.5761 -3.7465 1
5.8541 -5.6276 0
-12.1173 -3.4053 1
-8.1363 -1.9955 1
-7.9168 -3.6676 1
-4.8763 1.3563 2
6.7411 -5.6248 0
-3.9146 1.7639 2
-3.5869 -4.3471 3
-4.4615 -1.3642 2
-3.1698 -2.8438 3
-4.8300 -3.6819 3
7.4074 -5.8744 0
-6.2723 0.9517 2
-2.4809 -4.7779 3
-5.4521 0.3733 2
-9.2996 -4.6413 1
-5.6055 1.1045 2
-9.4611 -5.3455 1
-4.8149 -4.9765 3
-5.4943 -5.4435 3
-8.6077 -1.2595 1
-3.9461 -0.1137 2
6.7524 -6.7673 0
-4.6508 2.9671 2
-4.1856 0.0650 2
-8.5933 -2.0454 1
-2.4169 -0.0074 2
6.5490 -6.7613 0
-5.0581 0.8440 2
-3.6412 -0.2235 2
6.3547 -6.5616 0
-8.8138 -4.0622 1
-4.7684 -4.7586 3
-5.1325 2.0238 2
-1.7094 -3.4092 3
8.3359 -8.2331 0
6.3103 -6.3284 0
8.0905 -6.9077 0
-5.7528 0.0508 2
4.5203 -5.1940 0
7.9117 -4.9514 0
-4.4655 -4.2761 3
5.7890 -6.5342 0
-10.2699 -2.4952 1
-5.5103 -4.9326 3
-3.0245 1.4639 2
-6.5288 -1.3377 1
-8.0231 -2.0742 1
-9.6379 -3.1658 1
-6.7875 1.3431 2
8.3978 -4.5586 0
8.0422 -6.4761 0
-4.0352 -4.0627 3
-4.2658 1.3678 2
-7.9941 -2.9603 1
-4.1150 -2.2465 2
-9.6461 -3.3214 1
-3.5406 1.6136 2
-3.1065 -3.2670 3
-9.1393 -1.3271 1
-3.3949 0.6050 2
-8.8319 -3.3016 1
-9.0835 -3.0243 1
-9.1994 -3.0221 1
5.9429 -5.9148 0
-5.7023 1.2820 2
7.3897 -6.4262 0
-1.9239 -4.5727 3
-5.5213 -0.5656 2
-9.5016 -2.4820 1
-10.2780 -3.5248 1
-9.3192 -0.7841 1
7.0346 -6.6311 0
-9.6660 -1.3671 1
-3.1436 -3.9628 3
-3.6624 -0.0271 2
-8.7883 -2.8125 1
6.4995 -7.2689 0
-9.2349 -2.4117 1
6.4458 -5.1805 0
8.5042 -6.6225 0
-5.0310 -3.5861 3
-2.3676 1.7116 2
-4.3080 -4.3098 3
-3.7102 -4.5687 3
-8.6516 -3.9367 1
6.7983 -6.8083 0
-2.8140 -4.4952 3
-4.9597 -0.2661 2
-7.8917 -2.6864 1
-11.7327 -3.1079 1
-5.7540 1.5565 2
-8.5643 -2.1733 1
-4.9660 0.9554 2
7.1303 -5.9175 0
-4.0376 2.5071 2
-6.4741 -3.7236 3
-5.2228 2.6352 2
7.2449 -5.9965 0
7.7709 -7.1639 0
-8.2160 -2.9284 1
-6.5584 1.0995 2
-3.7159 -4.5558 3
6.1613 -5.9487 0
-3.6338 -3.0637 3
-7.6589 -3.9931 1
6.0475 -7.8893 0
-5.0057 1.2587 2
7.7698 -4.4953 0
-8.8136 -3.1874 1
-3.0308 -3.6855 3
6.8984 -7.2013 0
-7.9542 -2.6792 1
-9.8020 -4.3695 1
-2.1512 -3.5202 3
-4.4227 2.2727 2
-8.9415 -3.2316 1
4.8953 -6.0414 0
-9.4197 -2.0276 1
9.3633 -5.6124 0
-3.7817 0.6660 2
-4.6710 0.1684 2
-4.6055 0.5749 2
8.0460 -5.3304 0
-4.2017 -2.4742 3
7.6201 -5.1017 0
-3.3858 -1.2783 3
-3.9706 1.9069 2
-2.4573 1.1935 2
-4.4505 -4.2650 3
-4.4133 -3.0923 3
-9.9298 -3.7676 1
-4.9351 -4.1090 3
-5.5148 -0.0973 2
-6.1708 -3.6862 1
-2.9652 -3.6667 3
7.6272 -5.7623 0
-9.5866 -2.6744 1
-3.0766 0.3971 2
6.8915 -6.0267 0
-7.5749 -2.9483 1
-4.9857 1.4984 2
-4.2748 0.9022 2
8.5632 -5.7102 0
7.4036 -7.1091 0
5.5944 -8.0944 0
-8.5820 -2.4750 1
6.0849 -5.4724 0
-7.9388 -1.7620 1
-4.6150 0.9358 2
6.5895 -7.1558 0
7.3337 -9.3435 0
8.4612 -5.7689 0
-4.1323 -2.9571 3
7.3346 -4.7603 0
-8.8962 -0.9543 1
-3.2569 0.3488 2
-5.9624 -4.6507 1
7.1826 -6.3155 0
-6.5034 -1.4769 3
-8.9605 -2.5694 1
6.7883 -4.7531 0
-6.6309 -1.4995 1
-5.2513 -0.0123 2
-7.9762 -2.8571 1
6.8491 -6.4078 0
7.6215 -7.6286 0
-5.6706 -3.9750 3
7.1534 -7.0735 0
-1.8512 -3.8100 3
-4.4715 1.7406 2
6.4563 -5.8235 0
-8.0072 -3.8996 1
-3.0904 -3.9544 3
8.5797 -6.2686 0
-8.9448 -3.4047 1
-4.3280 -0.3874 2
8.3704 -5.8572 0
-3.9540 -3.4235 3
-4.5327 2.6848 2
-4.9477 -4.9132 3
6.3794 -4.7929 0
7.4286 -6.2480 0
6.4444 -6.7703 0
-2.7461 -0.5039 2
6.9011 -5.8682 0
-3.0620 -4.1987 3
-9.3429 -2.2860 1
5.9284 -6.6085 0
-4.9100 1.2369 2
6.3751 -6.2994 0
-4.6462 -3.9707 3
-9.9255 -3.2430 1
5.7606 -5.1411 0
-9.4032 -3.6240 1
-1.6170 -4.2903 3
-5.8055 1.0996 2
6.2470 -6.8818 0
-4.6874 1.3011 2
7.5896 -6.3121 0
-9.9122 -4.5563 1
5.3208 -6.1733 0
-8.7298 -1.3667 1
-2.8926 -4.2011 3
-3.5735 -4.3007 3
-6.1213 2.4944 2
6.8180 -5.4002 0
6.5328 -7.6204 0
6.8851 -7.1857 0
7.0817 -6.2621 0
7.4934 -5.9807 0
-4.9760 -2.9468 3
-2.7937 0.2255 2
6.7267 -6.5992 0
7.8881 -7.5890 0
-4.2718 -3.7454 3
7.1215 -7.0451 0
-2.8375 -3.1207 3
7.9959 -4.7279 0
6.0762 -7.5927 0
6.8134 -4.8219 0
-8.2744 -1.6735 1
-2.9741 0.1512 2
-2.5904 -3.7747 3
-10.4804 -2.7767 1
-4.6911 0.1299 2
-4.6874 2.0108 2
7.7691 -4.5421 0
-4.9464 0.5016 2
-7.9341 -1.2704 1
-5.3325 0.1162 2
-4.7492 -0.3243 2
7.0619 -5.6167 0
-4.3251 -2.3667 3
-3.7878 2.2626 2
-5.2104 -3.4987 3
-2.3128 -2.3095 3
-9.6211 -2.3329 1
8.0226 -5.0141 0
-7.5852 -3.0960 1
-4.1453 0.5175 2
-10.1091 -1.9717 1
6.3048 -6.0532 0
5.9100 -8.5077 0
-2.2813 -4.4953 3
-4.8348 2.0213 2
-5.0014 1.2825 2
-4.3305 -3.3171 3
-3.2210 -3.3963 3
6.8763 -7.8596 0
-9.0115 -4.1571 1
-9.7278 -2.4158 1
-3.9246 1.0513 2
-3.7500 -6.6655 3
-4.5042 -1.0300 2
-3.5387 -3.1787 3
-4.5828 1.5501 2
-2.7523 -4.4050 3
-2.1339 -4.3023 3
7.9058 -6.4747 0
-4.9940 0.9618 2
5.6922 -7.0363 0
-5.0535 -3.3020 3
6.3754 -6.3270 0
7.1223 -7.0571 0
-8.5676 -3.0487 1
-3.6603 -5.1517 3
-6.1492 -0.2716 2
-10.1371 -1.5242 1
-6.0913 -0.5570 2
-9.4429 -1.5171 1
-3.8651 1.1904 2
-8.4850 -3.3866 1
-3.3227 -3.4460 3
-8.2998 -1.4836 1
-2.8367 2.7100 2
8.2263 -5.6623 0
-11.0462 -1.6024 1
-9.2948 -2.7241 1
-3.2722 2.3141 2
-8.0803 -2.8236 1
-4.8699 1.6435 2
6.8843 -6.8345 0
-5.6155 0.0121 2
-3.9016 2.6146 2
-4.5146 0.0637 2
6.5049 -5.7616 0
-4.6629 -2.8404 3
-4.7691 -0.9505 2
-9.2830 -1.6148 1
7.0219 -5.6660 0
-5.2558 -1.1507 2
-1.9921 -4.5764 3
6.3446 -6.1357 0
-3.9174 -4.5812 3
-4.4741 -4.3679 3
5.8766 -6.7073 0
8.0282 -6.4061 0
6.2626 -5.8680 0
-4.5639 1.3598 2
8.1960 -7.0334 0
-7.0867 0.6195 2
-3.9267 -4.4512 3
-5.4456 -5.5092 3
-7.8940 -2.1763 1
-8.6602 -3.3964 1
-2.6376 1.3982 2
7.7037 -6.5606 0
-3.5629 -4.5537 3
8.1017 -6.5557 0
-4.2670 0.7360 2
8.6835 -5.6867 0
-9.7759 -1.8394 1
-8.0832 -0.1696 1
-2.5347 -3.1411 3
-10.0123 -2.9139 1
7.4820 -7.3650 0
-3.6733 0.1495 2
-2.9077 -4.1328 3
6.0106 -7.6664 0
7.2100 -5.7355 0
5.5573 -5.7879 0
-9.3231 -1.6232 1
-10.3610 -2.7295 1
-7.0798 -3.1239 1
-9.0667 -2.6993 1
-7.3891 -3.1875 1
-3.9973 -3.5149 3
-5.0394 -4.1750 3
-8.4201 -3.4929 1
-10.9632 -3.8447 1
-5.7944 -2.7031 3
-4.8927 2.3458 2
-8.3582 -3.0765 1
-4.0843 1.9165 2
-9.5838 -3.6451 1
7.0966 -6.6623 0
-2.9057 -0.1380 2
-5.1296 1.7567 2
6.9557 -6.7198 0
-4.7916 -2.9099 3
-5.6263 -6.4091 3
5.7749 -6.8966 0
-6.1843 -0.6728 2
-1.3846 -4.3815 3
6.1556 -6.5680 0
-3.3756 1.3248 2
-4.0534 0.5764 2
-4.2763 2.6538 2
-3.2061 -5.2100 3
-4.2815 0.8335 2
6.4352 -6.1224 0
6.8401 -6.6837 0
-3.6380 -3.3865 3
-3.7067 0.1575 2
-3.8450 -3.0400 3
6.9882 -5.8716 0
-4.5380 -2.2409 3
-2.8179 -5.1615 3
-5.4999 -3.2482 3
-8.3690 -1.9001 1
-4.7998 2.2112 2
5.6683 -7.5879 0
-3.4152 -3.9175 3
-5.5915 1.3593 2
-8.9807 -3.0324 1
-8.7530 -3.1582 1
-8.4352 -2.8088 1
-5.9525 0.0588 2
-8.4096 -3.0395 1
-2.5368 -4.3467 3
-8.2567 -1.3558 1
-3.7099 0.1704 2
-4.4771 1.0830 2
-4.3493 -4.5283 3
5.8908 -4.9921 0
-5.4437 -1.1628 2
-8.2750 -3.8563 1
-4.2308 -6.1439 3
-3.8652 -4.9131 3
7.8846 -5.8522 0
-5.0537 0.2839 2
6.9535 -5.0993 0
9.4002 -8.4866 0
-4.0048 -3.2719 3
-9.7834 -1.6048 1
-8.9686 -2.4330 1
-4.4905 -0.6339 2
-3.6202 -2.3564 3
-4.1078 -4.2260 3
-5.4880 1.5215 2
-4.1104 2.2552 2
-3.1290 -1.0987 2
-2.7722 -3.6104 3
-3.8857 -3.6565 3
7.1423 -7.7039 0
-3.9170 -0.5770 2
-3.7445 0.9769 2
-5.1755 1.4908 2
-4.5939 0.1227 2
-7.4388 -1.5772 1
5.9335 -7.4160 0
-9.0426 -2.1579 1
6.1776 -6.3573 0
6.6538 -5.8619 0
-9.0111 -2.2439 1
8.2147 -5.4850 0
-11.1808 -2.6287 1
-5.0290 2.8242 2
-3.0063 0.7797 2
-3.0433 -4.0623 3
-5.3062 0.9166 2
-11.1568 -1.7796 1
5.9927 -6.7221 0
5.3984 -7.3165 0
-8.2038 -1.9840 1
-5.1332 -0.7708 2
-4.1310 1.2208 2
-4.2157 -4.0460 3
7.2627 -5.6361 0
-3.9207 -4.1662 3
7.0778 -6.3003 0
-8.1939 -2.8973 1
8.0414 -6.0721 0
-9.7827 -2.7015 1
-5.5561 -3.9442 3
-2.5689 -5.5499 3
-3.3217 -5.0214 3
6.6228 -5.3657 0
-5.5187 -3.6968 3
-9.0293 -2.4421 1
-3.9939 -5.4537 3
-4.8452 2.2572 2
-8.7358 -2.0937 1
-8.4213 -4.7568 1
-3.0235 -4.1005 3
-5.9087 -2.0124 3
-4.5131 0.6794 2
-3.7175 -4.3566 3
6.3408 -6.4815 0
-5.2226 -4.4423 3
-8.9376 -1.2999 1
-2.8625 -0.9865 3
-3.1976 -3.6087 3
-3.5687 2.4836 2
-4.6891 1.4460 2
4.5887 -5.1849 0
-3.1904 0.4885 2
-11.2031 -2.2652 1
-3.1832 -4.8020 3
-4.5437 -2.8185 3
7.3523 -7.7864 0
6.2985 -7.2504 0
8.9575 -6.6920 0
4.7994 -6.6929 0
-5.9097 1.1813 2
5.7476 -6.0411 0
5.7669 -6.2716 0
-8.3023 -2.7092 1
-4.7631 -3.1916 3
-6.6528 -2.4990 1
7.6977 -6.9801 0
-3.1667 1.4494 2
7.3506 -5.5952 0
-8.9334 -2.7351 1
-1.5297 -3.1189 3
-4.5257 1.9642 2
6.9670 -4.7870 0
-3.2438 -3.7464 3
6.4765 -7.0268 0
5.6778 -6.1789 0
-9.8068 -0.5550 1
6.9962 -5.2951 0
-7.1920 -3.6456 1
-4.5317 -4.1435 3
-4.0166 1.7871 2
-6.9672 -2.3677 1
-2.6171 0.1673 2
7.9994 -6.4543 0
-5.2620 -4.8827 3
-9.2546 -5.2392 1
-3.8987 0.2933 2
-3.0243 -3.1437 3
6.3294 -5.9491 0
-3.0844 1.0210 2
-4.4803 -2.4718 3
4.9681 -5.6167 0
5.8092 -4.9972 0
-3.9568 -2.3269 3
-3.6578 -2.8134 3
-8.9068 -3.5363 1
6.3099 -6.1922 0
8.8038 -4.9230 0
7.5413 -5.1901 0
-8.9607 -2.4770 1
7.8434 -6.9050 0
-5.0545 1.2168 2
-7.3750 -0.5535 1
-2.9935 -3.3015 3
-9.2236 -3.7364 1
6.8269 -6.0896 0
-11.2186 -2.5720 1
-2.8506 1.6905 2
6.6729 -6.5335 0
-3.9936 0.6744 2
6.0827 -7.7375 0
4.7950 -7.8482 0
-9.0043 -3.7619 1
-9.8861 -2.7855 1
-4.9200 -0.1710 2
-8.2989 -1.9923 1
7.7360 -6.4868 0
-3.2358 -5.3528 3
-5.8305 0.6451 2
-8.8255 -3.3875 1
-6.1538 -4.2477 3
-5.0878 -2.0782 3
-9.7526 -2.1792 1
6.6411 -5.8859 0
-3.2353 -3.0221 3
-3.9177 -5.3408 3
-2.9033 -5.4842 3
6.7555 -8.0017 0
-9.9859 -2.6926 1
-3.6107 -2.1968 3
-5.4101 -5.5177 3
-4.0588 -3.8427 3
-8.5638 -2.2049 1
-7.3890 -4.2105 1
6.5231 -8.0908 0
-8.0390 -3.6865 1
-9.6315 -1.9767 1
-5.4158 0.1601 2
-3.6989 0.2672 2
5.3821 -9.8883 0
-3.5207 0.2566 2
-6.5617 -4.9893 3
-4.0378 -0.9312 2
-6.8949 1.5241 2
-7.7177 -1.2540 1
-4.8822 0.3819 2
-3.8949 3.0418 2
-6.7997 -1.0399 2
-3.1981 -4.5310 3
-5.0737 0.8160 2
-10.0045 -3.6154 1
-7.6410 -2.2692 1
-9.0710 -3.2906 1
5.5081 -7.1613 0
7.2512 -7.3635 0
-9.8410 -2.1317 1
-4.6822 -3.8956 3
-4.1992 0.5803 2
-8.5331 -2.5461 1
-8.8175 -2.8616 1
-1.9747 -3.7986 3
6.0092 -6.5853 0
-4.3257 0.1873 2
-8.6944 -2.8361 1
-4.0660 -5.2365 3
-8.7352 -1.4430 1
5.5266 -5.9669 0
7.4799 -7.1081 0
-3.9952 2.0026 2
-3.7727 -5.2381 3
-4.2007 -0.4185 2
-3.3041 0.4233 2
-3.3609 -1.7126 3
-8.0469 -2.5765 1
-11.4792 -2.9785 1
-9.1132 -1.2664 1
-5.1679 0.5619 2
-9.7417 -2.0471 1
-3.3598 -4.1017 3
-3.5601 -4.3303 3
6.2981 -6.1635 0
-4.4686 1.8669 2
7.3168 -6.3387 0
-4.8936 -3.2026 3
-8.7788 -2.2982 1
6.7818 -7.5149 0
-8.4567 -3.7382 1
-4.6865 -3.3932 3
6.0897 -5.1963 0
6.2168 -7.0929 0
-3.6637 -0.4521 2
-8.6953 -3.3065 1
8.6139 -4.7551 0
6.0608 -7.1002 0
-3.7346 1.3915 2
-9.9169 -3.4128 1
-3.5409 -6.1872 3
-3.8139 0.7656 2
7.4426 -6.3900 0
-3.5341 -3.1585 3
6.7646 -6.7146 0
-4.6549 0.9970 2
-8.2850 -1.6308 1
7.1086 -6.3100 0
-5.0769 0.8591 2
6.8652 -5.5750 0
-5.9344 -0.1064 2
-9.3123 -3.4844 1
-9.7072 -3.8046 1
-9.3169 -2.5061 1
-3.7407 -4.8390 3
-2.7987 -5.0382 3
-7.9426 -2.6203 1
6.3369 -4.7831 0
6.5535 -6.2751 0
-9.6312 -2.7618 1
6.5460 -6.4505 0
-8.7687 -1.9047 1
-5.1060 0.3632 2
-4.9368 -0.0193 2
-4.3293 -2.9458 3
6.7427 -6.8479 0
-5.0877 0.6662 2
-9.4227 -2.7157 1
-8.9867 -5.9480 1
-4.0209 -2.4432 3
-7.8374 -1.2479 1
-2.2651 -4.9475 3
-7.8694 -3.9253 1
-3.4185 -2.1989 3
-8.7661 -2.5317 1
-8.2424 -3.9507 1
-8.9423 -2.3468 1
-4.6054 1.7174 2
-8.5909 -1.7791 1
-8.0463 -0.5812 1
-4.1055 3.2124 2
-3.8112 0.1218 2
-4.4863 0.8946 2
-4.7697 -1.5355 2
-5.2087 1.4422 2
6.6783 -7.4729 0
6.8940 -7.3867 0
-9.6066 -4.6495 1
-4.9989 -5.7892 3
8.1736 -6.6542 0
-5.1029 1.6268 2
6.6578 -7.6029 0
-3.4052 -3.6574 3
-4.7599 -5.8908 3
6.1946 -6.4748 0
-5.3182 -0.3536 2
-3.1841 1.5041 2
-4.8292 -0.1202 2
-3.6096 -0.4135 2
-8.5902 -1.9350 1
-9.6746 -2.8512 1
-8.4931 -3.0142 1
-3.3617 -3.3788 3
-7.6965 -4.0549 1
-7.9709 -2.1937 1
-8.8785 -3.4723 1
-4.8709 0.5695 2
-8.7330 -1.5602 1
-2.9926 -3.7226 3
-2.5689 -2.8196 3
-5.5292 0.8860 2
-4.8637 1.6136 2
6.7071 -7.6672 0
-3.4548 -5.4987 3
-7.0609 -2.7230 1
-9.2050 -2.2754 1
-5.2332 0.3986 2
-7.3488 -1.6794 1
7.4075 -6.9789 0
-5.9246 -0.2574 2
-9.4033 -1.4818 1
-9.2139 -1.0700 1
-4.6104 0.4326 2
6.8726 -6.9699 0
-4.7453 -0.1087 2
-2.7967 -2.8467 3
7.0275 -4.6731 0
8.4079 -5.6263 0
-5.1963 -0.0747 2
-4.2183 -0.2595 2
-4.1482 1.5301 2
-5.6697 0.4101 2
-4.8507 1.0589 2
-8.7486 -2.9418 1
6.0797 -5.5388 0
7.2542 -6.8011 0
-3.5849 -4.6860 3
-8.9569 -3.7552 1
-2.2005 -6.2296 3
5.2328 -5.8641 0
-3.8917 2.1637 2
8.5646 -5.9237 0
6.7869 -6.7159 0
-4.7008 -5.0616 3
-4.1522 1.5631 2
7.2814 -6.3835 0
-3.6042 1.2583 2
-9.3576 -2.0034 1
-8.4396 -1.0048 1
-9.1970 -3.4014 1
-4.4510 2.2633 2
6.2621 -5.0836 0
-5.1751 -0.3519 2
-5.2412 3.0223 2
7.4333 -6.1456 0
-4.7590 -4.6491 3
-3.6133 -0.0009 2
-3.5111 -4.3591 3
-2.4219 -4.7238 3
-6.1958 1.3391 2
-4.8415 -2.4342 3
-4.8168 -4.3557 3
-5.8862 0.8852 2
-7.6085 -2.8697 1
7.1312 -4.5089 0
-9.5528 -1.1541 1
-4.7445 0.1555 2
-3.8311 -4.3526 3
7.0006 -6.4362 0
-4.5914 1.7709 2
6.2665 -6.5459 0
-6.6455 1.3971 2
-2.8396 0.0368 2
-10.1939 -2.8737 1
7.6228 -6.3213 0
7.8960 -5.6155 0
6.2781 -6.2049 0
8.1892 -7.2809 0
-5.4486 2.4938 2
4.9504 -5.9239 0
7.4673 -6.4739 0
-3.2128 -4.2857 3
-3.7725 -3.6011 3
-9.9822 -2.6885 1
-5.0340 -0.1602 2
-4.7574 -4.0478 3
-7.7141 -0.7433 2
-4.4111 1.4946 2
-4.2078 -4.2630 3
9.3241 -6.0939 0
7.5980 -5.3012 0
-3.5419 -0.4873 2
-3.7694 -3.3600 3
-10.1502 -3.7123 1
-8.8838 -2.9175 1
8.4184 -6.9461 0
-2.4298 -4.1846 3
-4.6819 -5.0378 3
-4.1775 1.0523 2
7.6659 -6.0115 0
-4.1106 0.7363 2
-4.4557 1.3192 2
5.4321 -6.8499 0
-4.0338 -2.9860 3
-8.8849 -2.7663 1
-4.8559 1.0993 2
-3.7807 0.9878 2
-4.8081 -3.3672 3
5.7637 -7.0732 0
7.9870 -7.6526 0
-5.0353 -5.1574 3
-5.0825 1.9493 2
5.7112 -6.8244 0
-3.2365 -2.6612 3
-2.2619 -0.0101 2
-3.3310 -2.9332 3
-5.2580 0.5344 2
-4.7007 1.4324 2
-5.9302 -0.4933 2
-9.8695 -4.8254 1
